10000
7056 4161
4724 6808
560 8172
9807 3727
7476 4142
4153 8169
2869 3238
4648 3614
6938 1194
643 2973
8294 1556
7447 5903
3785 4697
2527 1429
971 4828
3168 3356
8751 7185
9488 4066
4895 9889
2094 7097
7869 8220
9135 1624
3278 7228
5139 5533
8135 4075
6105 1638
1658 4623
9675 202
8070 7954
2471 3035
5003 389
6241 7827
9654 7851
5046 3448
6370 7201
9436 8407
8332 1941
5845 4998
3681 8784
255 6195
9268 3809
9981 1894
6897 5275
6475 4115
6480 3490
2205 6018
4677 5186
7818 7072
2876 4571
5234 9579
536 2151
3384 1023
8240 3961
8384 1900
2635 6710
6914 3900
7480 3980
5886 2255
4126 1865
2361 7107
5413 9357
5722 3901
561 7128
1026 8858
2990 7474
9155 5385
3338 7669
5492 1240
368 1394
2189 1898
6987 7305
9835 7852
9064 9662
948 5335
3416 3358
1282 7137
7789 4624
5603 8499
2651 822
9513 3505
6381 8712
4979 5277
7281 7663
7045 6481
5319 2877
6834 4733
2312 1960
3248 7214
9842 7715
2516 382
1015 3590
6459 7763
217 4740
9190 9922
3154 272
3439 4929
9602 6722
897 4926
9447 3379
7313 4337
6091 1388
8418 4606
2250 817
738 5777
8005 8969
7448 9836
1820 2502
3270 4564
3152 6015
8933 1926
393 8801
988 9382
6814 3355
3530 3164
76 3595
2276 4582
9864 6959
4288 2048
4732 2524
6696 764
2989 6133
5389 464
262 5134
1775 7833
9745 8968
1764 9580
5343 5175
9729 8721
5480 306
2478 5534
5899 8705
3014 1682
473 7061
5789 1258
3476 2466
8912 3492
1628 3004
9813 1298
7258 7533
4001 9875
1390 6357
7689 937
3311 1356
7537 8003
5829 1157
8214 6903
917 2976
1124 7230
2294 866
8850 189
7353 6299
7116 2519
6488 9820
4138 7826
2060 9612
4992 3485
6161 8431
7487 1530
5477 4121
1758 4560
6121 139
8368 9501
5247 9699
7880 7339
2056 6694
2302 6560
1292 2988
4586 9944
9478 4443
1785 3642
8253 3728
369 4022
7932 8697
7624 2181
2177 5580
8964 2609
2345 5364
9777 3050
2757 5854
4219 6889
7619 6891
3321 6647
1855 6273
5238 2897
300 3650
7265 8470
5999 1935
4968 1878
7105 518
4951 9127
2429 5769
8083 5677
8718 9986
1467 7803
6961 8251
9871 1416
4515 6003
7692 6982
5455 1107
8059 6994
1819 1022
6471 6692
8259 3443
4628 9743
9433 5618
2538 8932
588 1073
7870 8954
6683 4016
7126 3194
5095 5639
5135 4494
5082 8229
2909 96
4652 9891
162 535
3242 6623
9322 534
6227 6782
5034 8037
744 5543
8305 9689
9561 3415
6921 5742
3401 7040
2584 624
6239 5683
1651 8462
979 711
724 3557
7301 1963
7829 1488
1917 5501
8448 7767
8496 8888
3368 7286
3889 555
2102 1234
2885 649
8060 1005
8476 71
1777 274
3574 1424
1486 4595
4773 2107
4789 7997
9123 7229
4902 5870
204 6268
8924 5408
6445 2285
3624 1340
4413 6551
997 5793
3964 5659
3880 9910
7414 580
3273 6754
5774 3959
9679 2599
1541 6175
1096 2567
1810 2065
1990 8190
469 8247
9861 2770
7205 9734
8293 6358
6116 8881
7750 8466
2145 81
7825 5662
2355 1870
4887 8569
5735 1077
6269 4941
9193 2086
5344 7743
1591 5115
5816 694
7408 5312
6878 8094
3700 8893
7637 3477
2918 7599
6122 813
7358 3428
4072 1208
628 7200
3212 5024
9769 308
8687 7739
8313 4954
317 5111
6397 2706
4306 9640
3275 562
1319 5211
5665 8109
7469 4239
4818 2315
2043 9184
8938 9059
4356 5764
4182 5923
9497 3208
3475 7034
5484 2800
1136 3696
2679 5431
2070 9294
4369 3013
3740 4130
6254 4961
7775 7557
5783 7835
6200 2034
3062 6572
9867 5983
3103 8115
1977 8493
5852 8582
6561 9072
8857 2273
5401 7820
6977 7945
9533 5532
487 2575
8622 8642
4106 5178
9108 8750
9347 3668
3357 1458
7349 7802
7848 3852
5154 1387
9739 4208
768 4422
9310 722
1818 6804
6509 3472
577 4137
1284 1765
6106 4175
4132 4765
9011 6563
381 2743
4002 4053
8374 8682
120 5713
6256 3991
6232 7605
2793 2631
3249 112
7415 2749
2721 4262
527 2404
3480 1565
5614 8
5051 2344
4310 3250
4061 4421
9372 9523
9400 9288
8846 2484
2061 424
2835 3285
5458 881
6272 9984
7129 1115
6250 7707
3749 8630
87 8029
154 4729
528 2382
9725 8415
9101 9004
5878 1289
7234 8764
98 7502
9138 5349
6462 4068
1872 3829
2161 5734
9660 730
8244 3978
9700 7052
7180 1100
426 1167
1326 6163
8264 1881
5376 546
5538 6348
1830 7859
444 4345
6749 1221
838 1078
9755 4923
8670 213
7604 9623
6698 3686
8524 7206
6336 7899
1584 7223
5188 2898
7957 6594
8343 734
7419 5604
4444 8905
1908 5667
7534 8100
5374 9669
8551 3762
4569 4934
4764 1763
4656 6100
5204 7928
6102 4631
5499 3790
8963 113
648 5947
47 6069
9002 6590
2384 2158
3493 3333
4375 9854
1509 6331
8210 7554
4605 5368
1958 6219
3670 4052
8803 9498
7985 6129
6082 4855
1655 2963
8089 2501
1702 4481
1030 9860
373 2932
7903 259
6512 4473
3398 2581
3468 9010
9300 9154
21 7331
8291 9192
429 663
6231 9896
1439 8188
3246 5946
9695 500
4749 24
9664 4488
6497 2574
6141 8808
9225 735
9392 5231
1581 9913
4237 7661
8033 2458
2357 6728
1417 4076
6356 1623
5310 916
6099 2157
8204 5102
4856 3767
6021 1586
2533 1071
2293 5730
8136 6236
136 4618
6965 8317
2305 3810
6212 3210
1888 7123
3502 1959
1975 3628
6238 319
9267 1892
7494 3806
5423 5855
3230 633
4513 6322
175 3171
7322 104
4786 1321
493 3387
5395 7610
9275 5273
5815 1527
5938 5546
9685 6610
3992 1945
6182 54
4507 6956
6307 6534
1639 6248
5682 800
627 3459
4844 2910
5397 3140
3126 6318
6140 7555
2511 5945
9250 9757
7038 4261
7654 5328
2257 5552
2356 506
6928 6276
7032 1626
4903 3813
480 1347
6823 8261
2369 8804
5467 2509
6224 4517
9389 2612
4173 2701
6173 4187
2667 2616
2888 6394
4766 8897
5096 1592
564 6201
7029 5381
2531 6831
4352 1767
5566 4525
1863 8173
421 6807
1913 7504
5669 9412
6253 6825
8166 6026
6511 3798
3548 2712
7007 9370
5649 8472
8360 2690
4498 4296
5646 3817
8874 5924
2053 5529
7570 7980
3339 4744
7568 7371
4936 9415
6980 5432
2137 206
5624 4300
6706 4836
2288 8749
72 6252
6816 1842
8856 1449
9957 7908
2980 716
9476 8743
4627 7267
6750 4795
2791 3414
9600 4093
4900 9217
9964 2497
2673 3060
3890 201
433 8509
5075 6190
8201 4542
1043 3027
1697 5839
6302 2957
133 3755
741 3511
5105 2868
6284 8267
6616 2831
7340 9771
4485 5125
4 6426
3697 7011
6066 3796
1839 8688
4415 2096
9547 7017
4849 4611
623 3688
7602 7816
7649 2067
6818 7145
4435 1940
6063 3427
3456 9888
9044 841
3637 9462
7264 8511
5147 2249
6152 4295
2212 6772
26 6525
9999 2811
292 9014
7186 55
6437 6792
3403 4346
2512 3704
50 5922
6172 2433
6455 9413
5685 7475
1518 5322
401 8637
3122 2603
7612 4574
3128 3268
5607 4939
4536 2582
1595 1129
6568 899
3423 9712
7571 8422
5309 3888
4664 8110
2601 74
8191 8246
9949 8254
3864 5838
5225 4189
1287 7165
1134 9573
2322 126
7450 2435
1067 7501
9149 1316
1466 1237
9272 2459
2787 4914
3915 4634
8236 7698
4851 9750
3673 9355
7369 2571
1280 8452
4086 6665
3848 1564
1862 2759
7842 80
2775 6575
3337 7651
7462 8557
7387 8101
4329 293
4050 8250
86 6624
1385 7025
6360 748
7530 3636
7079 3805
7951 3150
2078 7287
7556 6177
6741 8701
2902 6998
5400 52
3825 5088
856 4221
2156 335
3994 275
1421 5850
6413 6786
773 3713
3000 984
4411 5631
622 7133
4540 271
1879 4373
4318 1632
1183 2167
6179 2731
5863 576
5948 1065
9754 7154
340 523
2867 9485
766 7667
6040 7248
5168 1991
4112 4847
7453 703
5161 1801
8320 7110
3161 6271
7916 3930
4688 6744
7377 6491
9608 6743
923 3445
2386 3236
2553 8426
765 1122
6648 2133
7700 9509
148 9251
6184 5266
9416 8561
6396 7917
2740 2521
3567 1828
5241 2579
2917 8107
1603 2421
3223 2352
8084 7746
5475 8508
3072 4981
8715 6896
1911 2914
7092 5099
1587 3137
8092 5416
5311 9327
4434 548
4230 4157
5754 9430
5174 3677
8282 2852
5264 4272
9093 2858
6474 6377
366 8972
3571 5894
8894 5727
6890 7366
8581 6320
3266 6871
4778 7821
9325 3312
2919 7022
4361 4079
2428 278
8766 3702
1418 3144
7384 1140
1212 6065
575 9990
6615 4783
1482 6323
5567 777
8189 2600
4890 8207
3652 1949
9202 3377
2412 3221
6962 9067
5846 4479
7310 4916
9884 2228
7406 6308
9293 5916
8729 8230
6927 3507
4412 3932
910 7155
5599 1422
4762 8430
9287 7437
2368 9018
9783 8383
5590 2730
7888 6924
4948 6557
7905 4065
2664 4147
8844 5744
9189 8575
237 7837
826 4269
6642 178
9878 867
4180 1574
9586 413
6989 1993
6532 1288
1670 2000
4252 32
2754 8778
3914 4058
8170 7934
1446 8838
565 7585
1712 3599
8530 4754
4046 3758
9778 7541
5751 6148
7729 9991
6795 5525
9832 3715
5503 28
3537 4565
3623 9924
9818 6244
3374 5354
5370 5041
4493 1190
4607 315
1373 499
5025 8882
8727 399
4376 7289
2535 1822
4597 7795
8165 8487
5128 6389
9554 1428
1750 7683
7160 9348
1834 6886
5941 1312
3942 6070
7773 746
9042 8365
5281 9215
7995 376
7184 2239
3394 8650
4630 8618
8760 7132
6130 2842
4872 9083
8651 1502
4487 4932
4601 4466
5507 2893
5651 9633
6658 2027
4070 3209
1349 553
6188 7549
6093 6585
420 2129
4190 852
1169 408
5544 9824
5406 875
7639 3055
6207 8652
1042 6496
5638 6444
6210 1660
5877 2244
7368 2376
6292 7403
8820 806
1722 8822
9398 9987
7089 5337
4409 3947
4535 5076
9185 723
9342 6457
1294 8797
8127 7271
8529 1980
6251 1567
4092 7147
2647 4839
8260 5957
8445 8387
4323 1786
1086 8748
4139 4738
2851 6510
8993 5573
793 6713
8216 4051
4133 6354
515 6966
44 2626
3520 1968
6780 1657
4478 8596
7284 1551
1018 9959
2108 7245
7680 6555
6666 2332
529 5627
5832 8349
5427 8048
6963 8108
9032 9780
3985 3631
5539 3517
5398 7495
9681 5494
5502 891
2555 4429
1747 7886
1384 3365
5907 188
6954 5023
7510 8212
9631 1117
1074 9242
1162 6870
4220 2366
7584 7422
462 3462
4276 6211
4357 5205
9762 8310
9546 5451
7686 2961
1726 4980
165 8413
2232 7169
8585 8025
2217 701
7817 731
3176 7259
9234 2198
8398 578
1550 9587
3531 5500
1495 3973
8667 1148
7650 5235
3768 6425
9085 5691
2682 8739
3167 9006
1970 9845
8898 6514
7466 5551
5858 2739
8951 8913
6463 2881
9749 5647
1942 6404
9324 2336
6929 1413
2290 9034
6346 978
6399 1610
9230 9630
2391 2072
9422 2871
9197 9744
4896 3618
5981 8228
9616 5597
1270 7956
839 2703
3009 8664
4258 2062
8149 1844
1951 3258
4987 589
9638 896
1812 1146
3287 8185
2001 38
470 1453
7452 6217
6937 2395
7863 9209
664 8934
363 4463
2286 7708
925 2916
222 6620
5195 5704
9825 8767
6057 4215
9761 7938
3222 4637
9781 9221
1544 5331
313 2187
8376 1934
1430 4793
5606 6138
8425 8500
2617 6125
1232 5443
2272 2279
7210 4663
5183 4604
4027 5483
5388 2358
7930 7769
1693 3296
4510 859
5257 2169
3315 6787
9690 221
6120 8249
2692 9427
5542 911
9515 1173
1066 1343
4403 2803
5847 6601
8479 2071
6876 9965
8211 7088
8887 8939
1211 9793
653 2251
9508 999
4284 9419
7922 7439
2481 3138
7319 7733
2506 4747
9178 4326
4103 930
2124 4678
7779 8205
6641 1997
1260 467
6197 6000
2109 7765
2958 5323
7671 6894
9166 5581
6759 6755
483 2110
1654 3039
5461 4248
5447 8518
842 6233
7628 5623
2676 9969
9484 3359
9338 7270
5891 3299
1019 8141
3104 2398
3741 5172
7044 4993
8516 2559
9371 9335
2218 549
2282 5898
7108 7520
5260 8289
5865 9290
6235 6
8790 6117
8041 9760
4576 1932
1826 9599
5696 8315
3342 8660
2450 848
4158 9228
2589 2923
9406 5156
8935 4063
1694 6464
3413 955
973 4874
1161 7719
2866 7623
264 4424
2370 3031
2090 6791
4666 1636
6412 832
4785 8550
5059 9724
8080 5531
7569 3225
1617 827
3283 6345
6419 4893
7902 7925
579 4854
150 829
8825 6045
3049 9506
41 8643
2498 9271
3975 3091
5278 8627
8538 9657
9289 3725
3995 7398
7190 5508
8008 1800
125 8800
1402 9521
9258 3464
6103 6022
4528 781
9544 4235
5180 4552
1450 5297
7865 6618
940 3778
8043 4436
4283 5070
7691 1176
234 8428
8841 4938
6682 6794
1596 474
1526 1145
5405 3885
5286 9775
5028 8668
137 1206
247 1392
3392 3745
1245 3658
224 5743
8042 2295
195 343
5393 6639
1371 6361
5421 1770
1522 8814
5327 8323
4850 1918
1666 5688
6884 9791
5151 2737
5875 4796
7493 9452
1193 1704
7894 7614
9152 4730
2248 3290
9471 7016
5509 3302
594 8222
2482 5290
3912 9304
1875 1905
750 6282
9732 5960
6424 9974
9480 3284
1010 2106
9746 1714
2873 7482
364 2652
2178 2713
6701 1377
2542 1036
361 6874
582 603
7211 2818
5584 5192
8242 7361
4007 5118
1433 6862
3616 668
4344 6485
7002 8354
3343 1807
6316 482
7455 4475
5209 6636
416 5993
5700 6609
4218 5867
8545 457
8853 3935
5540 8262
1228 3764
4304 375
8981 3025
583 2192
6866 7076
3372 3640
8068 2807
4924 5202
9567 7491
9683 950
5464 6556
4801 8691
9785 6328
402 1766
4790 4423
227 9206
3662 1653
7457 231
7189 7962
7573 4393
605 3965
8885 2890
843 791
9229 9856
3390 3733
7102 9431
2393 3389
9410 5006
4169 4298
818 8776
8367 676
3054 7895
3953 2925
2699 3215
9255 7871
7246 7058
9945 1790
7449 7277
8325 4775
3833 1792
691 2522
3110 5787
4071 6180
1047 3169
7164 5530
5971 450
6295 6712
3904 3811
1478 1231
1209 392
6543 7882
3196 3350
2243 4802
432 5387
6846 1295
8762 860
989 5550
4866 7805
8925 4425
7325 2311
5144 1050
3717 1504
9071 4207
9023 6796
57 6761
7015 3952
4751 2335
5448 4172
6593 4949
4710 8507
4776 8613
1210 1677
635 6270
7751 7446
4141 1923
3033 8026
9280 9928
2443 9659
8163 2485
2275 7741
8498 9468
6451 8795
6991 4482
1304 9100
5522 8181
7218 3496
8140 7943
9204 1912
8009 4319
1230 551
1919 4212
1207 9772
1471 675
5129 8811
6289 5955
812 385
4581 2402
5009 7101
9306 706
5643 2684
2012 6392
4633 6287
7006 7104
874 5272
8192 7580
3950 693
6095 2611
2627 6552
1611 7396
4930 4602
2246 3303
134 7968
9058 755
6098 6769
7018 7249
6390 3172
1363 809
5263 8335
9145 1552
3611 3085
7877 6301
9568 851
4642 9788
9161 964
5728 4613
7416 2745
3551 1277
496 3928
6668 2118
5888 688
2081 4911
1607 5217
2777 6479
5919 2400
3726 5394
5219 6436
3474 7151
7091 1876
3354 7308
2494 4332
673 1710
4038 5329
5063 9528
4181 5871
7634 5470
7764 6017
1332 617
197 5440
8200 1414
5591 8337
256 4837
9921 2173
1457 3754
5212 2414
7509 5725
6915 102
4104 3910
5633 4097
6570 9440
6607 4247
8930 5081
3695 5644
5271 6209
2014 3314
8892 9900
9435 4573
6969 6313
9007 6225
3371 7367
9309 5641
8927 9286
298 191
6602 4474
20 5992
7323 2952
9369 4081
4453 5136
8845 7970
9298 4188
2483 718
8394 2742
1829 5737
9929 4491
9581 1062
1079 5359
4598 5964
4013 8620
7100 7641
9364 7785
7561 8454
6819 8054
2669 2882
5755 5874
497 6043
6515 9237
6935 9029
1091 1267
4314 4107
4015 37
1151 6637
8884 6800
4830 6606
8704 8568
7620 9956
7967 4037
7548 1452
1253 7
1089 5589
7508 8579
9356 228
7307 7735
960 9024
8327 5242
1238 4010
2563 5214
2023 947
8813 2377
3498 1187
1087 830
2113 6406
4703 3629
2229 8392
23 7608
1952 2946
3884 4123
6400 2666
5959 1921
1251 4082
5460 3723
966 7411
1197 3340
7335 8940
7926 7159
9934 7876
4835 4151
7516 3438
170 9102
4249 8647
2309 3737
35 908
5574 8525
3293 4996
540 3911
6829 4696
9246 563
7582 1796
2659 1357
1560 4242
2987 6843
3082 2073
3525 4543
2618 418
1687 6943
3918 8819
7197 865
347 9265
6885 281
9073 8574
9799 2671
6267 6335
2241 4364
5126 6676
8316 8979
2047 5292
4704 4229
7251 5797
9321 3544
443 5245
1401 4267
5927 700
4578 396
3376 8959
9982 67
398 6690
8304 6860
8588 1947
9560 2479
1985 3045
1044 6923
9572 5132
2802 4178
2289 8556
1144 1902
5564 9383
4692 846
6366 199
7093 3603
5636 89
4155 7660
6947 9822
7959 6409
8679 647
5228 7684
3158 8752
1634 595
3663 8848
3987 8364
8153 4114
9092 9098
6317 2860
9583 1261
7755 6838
5160 4685
9697 3837
661 797
835 1483
9496 1226
3597 6288
3233 7792
3274 69
5491 4416
2532 903
1297 8162
5267 3865
2026 7955
9302 9086
8272 692
4400 2372
4603 6168
5240 9704
5164 8861
3251 3948
5438 2783
5251 1474
2204 5904
4135 8991
7854 6882
8053 6857
7458 1831
6922 6734
4281 5163
1214 7591
325 7864
5940 9122
3832 4353
5207 3361
6433 5626
4186 8467
4410 2122
3838 282
7937 6107
8901 9013
9992 2922
9619 7873
9493 8625
8542 9985
9110 5826
3301 8159
7730 7652
7791 6540
876 8186
5386 9524
5942 6942
9645 3119
3874 6208
6634 6243
9172 4042
6013 1533
3664 5259
1558 9558
9291 3201
7194 5459
2214 2921
9026 4621
6505 5595
4455 6391
6071 3871
6029 4508
1142 587
51 1966
3569 1836
7074 4632
4398 4817
4834 1188
913 1525
7238 3132
4879 4687
7662 987
7752 894
5216 5790
509 1400
9611 2117
6646 8459
3174 7347
7299 284
1799 5031
263 6848
5569 6841
5114 1802
3920 2843
7784 3028
4418 9838
1406 6827
5866 2225
1732 492
9479 1375
8807 932
4299 7846
3776 3450
684 8916
7121 9180
8798 9049
1562 5274
8150 5835
5098 8481
5321 968
6340 9399
3463 6790
2141 7558
9902 1646
4659 7952
6751 169
3967 7303
8273 3420
8835 3
650 4442
6774 2590
4950 2036
9870 4705
4480 4433
5485 4285
2159 1199
4933 6950
8781 2138
7328 9737
4852 1381
2252 9176
3429 1609
6494 4457
1217 7940
166 9130
2448 511
3219 4769
6087 2967
9169 7696
6047 1857
4674 9409
756 2469
788 1768
949 1459
9687 1131
9643 2010
8243 6746
3626 5332
8202 2665
3620 1600
7065 2030
7173 9903
8915 9686
592 1539
5004 1040
7386 8178
7434 7728
3943 3165
8871 3735
4084 7243
8235 9245
9168 5843
596 1088
8213 2948
9465 5407
9299 322
5037 5876
1787 7231
6483 2924
9438 2261
4889 626
5820 7235
9905 9352
159 9091
3945 927
1405 9648
9953 7467
6465 4504
6477 5672
3788 6777
2641 8681
5293 3211
2781 1731
3155 2128
6187 1994
8021 4770
3916 8102
6633 7383
3092 354
1847 732
4594 7055
1927 7142
7405 3151
7611 9549
9107 5698
8521 4044
8302 6278
1859 8278
6262 4292
2732 4709
3855 1123
4251 9005
8280 8899
8544 8947
6199 7445
7760 6856
5355 3123
8527 4039
3772 4270
4977 5141
6842 2543
6737 651
4454 5158
5761 3083
7586 2894
4976 1873
6619 2098
9839 2537
5029 4200
8287 990
8513 853
4533 4265
8757 2434
1512 3115
2874 2610
4698 7134
7697 7037
8540 8606
1233 9919
2695 3322
6310 8297
3393 3610
5165 9373
7984 9183
2119 6216
6423 5579
1353 6169
6090 5436
4731 7889
9164 2906
7094 8830
9951 7086
9451 8717
6968 3554
4225 5961
5731 799
1957 9112
3441 743
5739 1285
8860 861
3976 8818
140 5220
9311 2839
4399 5020
3972 6108
6440 902
3388 8982
2337 8475
8223 6627
8417 6908
3601 4742
2844 6086
8290 4320
5897 7242
8439 2226
6626 5190
4909 6974
6363 4156
958 2052
7736 3276
7202 4921
7526 8027
7391 616
5703 8562
5404 1778
8984 1372
8217 3602
3334 6068
5673 8690
1236 4596
9989 5887
7496 1336
6096 5336
5080 8626
2375 5085
243 2785
7812 6803
5299 8928
5680 4945
8635 3075
2472 9284
5785 198
8504 1784
8016 326
7550 3071
9210 9423
2259 8942
7974 1170
8395 8351
4198 5621
6993 7734
5984 9473
6975 2334
503 4025
4711 3269
8847 8168
6049 868
2561 4529
3205 5762
7435 6775
3701 1103
6933 8676
2991 1266
5013 7630
9181 9437
3147 8208
2038 5021
3633 5073
1480 7595
7810 410
2931 2796
2722 4509
7653 884
705 581
4450 6745
1271 3369
7693 9557
9039 2365
318 3730
2399 8883
4530 8597
9705 4681
4791 2966
5912 1938
9865 9261
309 5972
1641 681
8427 8645
4511 7850
2064 3676
5252 7788
4163 4064
5758 7538
7080 4894
2180 7247
5930 4321
5859 5622
6685 5988
5856 4947
4024 8591
2782 9365
9118 9260
8015 4826
2256 9564
9340 2941
3021 6828
149 8049
8346 2632
9060 2568
7523 8772
8534 2674
3722 441
2063 294
43 4591
1691 2766
4715 5660
6347 3421
3955 8977
7872 2834
1376 7635
9843 423
6731 7077
48 9377
8338 3783
1052 545
5133 8619
8347 339
2022 6925
2955 5869
8957 9658
9954 5288
3671 4074
6196 6832
15 775
3378 5990
5929 7856
8946 8056
490 3656
18 128
250 4736
3705 253
9296 4209
2100 1889
9305 6771
6019 7783
727 5719
2840 5746
7280 9257
5561 6435
9312 8978
9851 1594
9366 3495
3981 4067
5495 9219
7400 2672
9641 8929
437 2974
2817 9873
9941 8451
5424 8357
3471 5450
3142 6131
9359 3341
6326 6215
6033 5338
1700 9033
7762 5027
2556 7807
5570 9276
6378 4274
6824 8308
8756 4324
785 9270
1246 7150
1470 1158
6206 726
8350 9594
7920 436
985 1098
2549 350
9232 3478
6562 8412
9541 9678
2628 3734
6012 571
6613 9047
6407 5556
1155 8615
2068 2140
7407 6139
122 5373
4713 225
714 2236
1737 9844
8865 614
669 9892
2454 9119
4831 7204
8288 5939
6617 3510
8176 5
5585 9037
3265 1045
5518 3183
7588 1178
9203 7647
2901 7749
5935 7679
4875 1444
4798 699
1956 9971
6123 9728
6802 6124
5091 7977
7041 7613
7703 4532
9393 9411
8197 8336
2461 9278
3352 4500
7095 9819
4726 7616
1515 4676
634 7412
3373 3191
742 8362
370 236
9840 3073
7381 4625
6449 7241
8156 5365
2120 9621
2055 8958
4392 458
4885 4910
1950 9489
7861 8774
2143 2407
3184 8966
9469 6912
1451 2650
7572 7278
1039 7409
3043 2772
6877 6493
4154 7860
3760 6064
5239 863
2865 7410
833 8953
3319 5179
4432 9915
5802 252
6349 941
8815 5701
3958 969
8400 8245
2144 690
2233 3922
5244 5799
9387 6074
4516 3866
9703 2396
3780 5108
2822 974
9378 2406
8706 2029
4390 5243
7823 6720
1101 8381
9614 8468
168 5892
1583 2805
5339 1543
3216 3016
3460 2523
5674 533
888 4018
4255 4780
397 478
3753 3800
1969 2208
7343 2130
4236 1701
6753 7146
6134 3824
959 3907
7498 3568
6504 6764
3134 1037
4559 1503
2264 301
9826 4354
7685 8598
5456 5630
6655 8755
411 2303
4857 6054
9904 5269
2886 3560
4960 1443
9490 9407
6430 9887
5301 5157
1080 9538
954 828
4191 8086
6214 771
3672 9691
2403 5510
7344 1469
1739 6296
3543 5558
6689 1341
1709 400
63 1508
7998 123
220 1334
3941 9911
8849 9939
4301 117
5052 5654
1880 4892
9626 5222
8737 2363
991 6670
8782 65
8038 2847
1585 9218
5047 7282
1415 2380
8602 4078
2453 5294
4250 3383
4028 2020
7862 7454
3743 2668
8868 7464
2727 3564
4777 4800
9188 299
8284 4727
5915 7275
484 9796
8334 4832
8659 9584
5083 2360
1468 5554
1606 379
2613 3396
4619 4878
8064 3175
1114 1673
8989 6766
6635 14
2417 7878
9721 9653
7255 367
9537 9624
2541 1083
1311 1708
745 5124
3281 5171
2238 8319
1059 7062
2773 295
6126 3080
567 3529
2640 4549
4886 2016
9087 8143
604 6671
1569 1196
4760 5010
1092 8363
3902 6220
451 4616
4349 114
1137 1517
2849 8786
7901 754
2806 4716
8375 7192
4580 4767
2653 5428
3562 9617
5982 9720
4197 338
6530 1782
5557 5811
2683 9863
8058 5249
8091 8906
1352 5324
2136 6476
5857 5527
6936 6508
3575 7198
6840 5932
7744 7705
5457 8780
7711 5620
9141 495
8900 1179
8195 1806
8457 4347
4825 4991
3434 5038
2088 5634
8482 5121
986 1692
4386 5592
5185 3600
5403 8564
8583 2534
4665 6940
1837 9404
6833 3703
6913 792
8378 9694
7433 1106
5119 349
8441 3718
36 2444
5206 2373
3856 7912
4277 9313
4922 9444
3349 3030
109 3669
5989 2520
116 1093
132 9853
6726 8761
3986 5237
6052 6571
1757 9403
6767 4465
6146 6447
7382 8077
235 783
4570 1896
7183 1407
789 9089
8443 1344
5956 1369
3487 4047
5612 3576
9281 5708
3465 4119
602 9405
1130 3731
7348 1987
4456 2697
4915 790
1967 2216
8292 8311
3588 4615
6656 3329
2504 6806
1903 2585
1055 2258
3469 7397
8010 249
9066 6030
6186 2083
7890 3909
6907 7106
747 7388
2097 452
5201 2040
8733 5565
2624 5035
7119 27
2597 5712
5295 9534
8870 7659
7293 1283
2263 5167
7066 4363
2622 4348
502 8576
5130 5057
3483 8976
2281 9605
3002 8179
6526 796
9997 1506
3518 1597
6439 5666
9897 8276
6421 8171
1619 2338
5933 407
2131 3513
1882 9883
9935 1992
7633 7053
386 1817
6678 9823
2859 2644
7225 3534
6185 3738
8488 1171
9759 1986
5675 5900
5361 4873
5384 8002
9895 7141
2350 1685
3781 4408
4718 7217
5104 606
8122 5598
1249 107
2104 9418
9428 4865
435 1472
6429 4876
9841 4734
110 6577
75 1195
8987 3087
5138 7964
2331 3924
9144 7598
3509 7401
1133 6384
9907 4904
2223 1118
1213 446
8483 4983
1680 9170
8309 6661
7559 7991
7500 9214
7910 5949
639 7629
7420 1224
2764 9906
9859 5326
8716 5800
1549 6729
2953 2045
3153 996
8973 9081
5868 2905
4340 798
3748 5101
291 9671
7288 6240
5429 8890
1538 6266
8872 9542
6183 2477
9057 8006
538 257
2116 7701
5454 7232
2193 8902
7220 1296
1843 2758
9973 9368
6600 377
7244 9345
6077 6468
4122 5536
5489 9585
3913 3017
9019 6630
9520 7224
6697 9062
1139 5830
4095 7868
6263 1366
3936 4402
9710 276
9727 8112
2884 248
1020 3243
3198 2342
7562 2947
5346 7336
3558 6926
5715 8753
9133 2514
9235 6849
9603 8401
6368 9001
8219 2495
7936 1346
3657 3666
8636 5837
640 4819
5229 7898
2253 2899
3069 840
1516 8777
3058 6826
9417 93
6230 8609
7982 8611
9635 7742
7350 5382
1735 1072
7390 3057
3044 1895
670 6298
9551 6283
3260 3612
1395 5593
477 2861
794 207
1128 4567
5471 4222
1120 1198
5353 644
946 6027
3447 2007
3577 2152
8961 1038
7804 3984
8593 7794
2354 7152
2496 8424
9821 160
4170 873
5279 637
6448 192
7900 1138
7593 8268
3177 1629
8799 5824
5123 4026
2389 479
9031 8628
3583 4406
2135 1789
7726 9009
5748 2304
7824 9994
2473 7490
6453 124
12 184
7941 4101
9477 4192
3353 29
3235 8533
7529 8359
1599 1637
5710 8843
3234 7772
8854 4946
465 4477
3499 3641
3823 8758
187 3549
6156 872
1897 4699
2401 7005
5106 9354
1690 5796
7227 6088
4445 645
695 4449
4359 912
6109 7276
3515 4537
7732 9238
7553 632
5770 1112
6466 3118
9095 4199
3105 8045
4484 1337
825 7187
9634 8119
3847 3711
9877 3861
3966 3146
9644 3627
2771 3706
5998 6763
1612 7897
1874 4470
6797 6657
0 211
6189 3757
6688 7363
1398 5131
4380 4384
6538 2042
3332 7913
976 6154
3018 4240
9077 3504
1635 6815
5036 608
2195 1772
4771 2505
3905 5018
193 2339
5236 4880
1154 4214
8148 7144
4176 9936
8423 302
3486 7756
8785 4289
6707 6946
9702 174
6312 9632
261 2044
9514 2170
1559 4268
9996 5842
8567 3202
3323 5905
8001 6094
4019 2595
1200 3678
4919 348
5750 1734
2648 1532
5668 9146
9182 9834
8975 2560
7578 5148
1348 269
2269 4748
142 4116
3835 3899
7720 3382
9876 7881
7465 8085
8134 2779
331 5100
8503 629
2808 9914
6420 8097
8754 7645
8257 3037
3214 5714
7942 2301
5970 3245
7887 2576
1725 5233
5729 2009
1177 7921
8215 1964
3859 1165
6387 3925
9175 3430
8944 7351
5901 1153
4089 7239
642 97
288 7283
8314 2662
3573 1813
4339 5089
9846 4956
461 9171
8923 1021
1618 2572
3088 4848
7459 9380
7577 270
8160 2274
311 8806
1575 2978
8648 9960
1678 5976
4467 9543
5884 7525
4626 2418
5478 2619
6072 8855
7365 9078
1555 3840
3089 153
9151 9120
3065 6898
9344 8356
6297 7479
1931 9320
2017 5441
2175 9156
4228 1342
3836 3834
4034 9517
8139 2637
3310 3059
5298 3766
6536 2197
5572 186
4328 1420
7838 6376
144 403
4568 9604
8474 6992
8917 532
9117 9800
7992 1664
1163 3917
4522 7306
8560 9590
7418 2815
3675 1642
9088 2992
6740 4986
1216 8071
6756 6546
3024 6719
3891 1152
547 7672
660 223
5486 5568
2544 5435
1058 6591
7843 64
3218 2864
9756 6939
4763 1278
9526 7481
6663 7946
3479 8328
2564 8546
9227 4096
1846 1566
3949 685
1434 8603
6715 6988
283 1263
1930 9866
4497 3129
9090 5663
5707 9050
6589 3609
119 7181
1008 8421
1520 7542
2694 5049
4069 3063
5300 8477
4958 8683
3113 9858
6170 5399
7333 8449
7203 7540
2297 2856
9753 6085
3863 1720
5325 3931
8595 226
9758 4110
4387 2154
4370 7800
2784 73
7028 3163
3841 880
4907 2760
7958 2032
8528 931
4286 3220
3712 3839
8572 9343
8199 9940
6736 2573
7914 279
7262 4205
2716 8821
3484 7814
1665 6629
6079 2087
8333 3977
5058 9735
9615 5008
2794 6304
717 7834
1510 346
4183 8321
8783 4988
2319 1147
712 1354
8047 2678
6595 9079
4609 6718
524 8553
5276 7766
9764 7924
5308 6904
3584 5909
1085 2536
6159 1409
5833 9886
5724 7675
4365 1856
5747 9467
4404 1064
619 5087
4768 1006
3003 5042
6768 7083
9213 6955
1776 8793
1649 8126
1730 2367
6645 4468
1983 7036
2608 1380
2427 1322
9816 6967
6115 5913
6785 6516
862 9226
981 9177
541 9472
4396 8342
3500 8839
7298 9852
5780 6418
1255 9893
383 9111
7499 181
9337 593
9566 3005
5895 9529
7309 983
5921 9738
3638 3036
9562 88
6135 3166
6405 7209
4860 4048
5203 314
8695 7413
8138 7644
5002 4293
4888 725
6773 6909
682 245
10 1593
831 4499
5419 3252
3086 3830
4971 2602
808 1996
9277 351
2558 3596
4969 9285
1051 2191
2046 5914
5476 8447
674 2085
5775 7043
654 2139
9211 3794
4280 7747
9148 7575
5187 3431
2765 7648
5711 6608
7172 3818
713 8465
9041 1972
7748 4809
1718 9174
6873 7621
5093 8440
3816 4238
6944 6507
6576 6519
9408 3335
118 4417
4719 2789
3604 9397
7014 2887
9008 7027
6760 4548
3452 9927
4712 9461
3594 6204
4997 5426
7370 2280
5463 205
4746 7966
4174 7819
1663 4931
6237 7830
5576 7855
3074 2634
6789 1852
8031 4614
2799 967
8802 7682
3750 5632
8610 9126
7512 7030
9341 251
753 2066
5498 3257
3877 2646
1716 4966
772 9540
4972 7965
8397 1815
5741 759
8046 802
9768 1461
4149 4080
4495 453
6916 1671
4943 8866
9539 422
6372 99
5341 1159
9574 2996
956 2254
1300 8506
8145 2693
9794 3708
2115 2724
757 3081
4585 7815
7417 5951
945 9481
5137 2580
8723 6724
8726 767
6625 5445
687 1097
7601 3047
5056 4297
2912 167
4287 752
8024 6171
1009 5305
9804 7375
3444 8198
9898 8686
8646 4333
2457 8295
4311 1672
9035 7009
1540 2468
3516 9798
5716 404
2776 2440
1324 7103
1476 8728
4355 3316
9157 7600
1003 3939
1590 7993
7042 8062
8382 6309
1491 8248
5090 9494
9733 1001
4431 6986
6319 3470
993 8435
6527 1717
4395 5246
9948 1877
9096 4100
9765 5232
5302 3106
9394 3854
8851 3207
2552 5963
6752 4608
5033 1523
9918 6119
1571 805
1741 9830
2639 2586
893 3400
3435 3348
8063 5781
5071 210
2470 1838
2548 232
9466 7285
2826 4303
9053 929
9569 3162
9931 6549
6001 5053
7392 1572
6355 8805
8580 151
7191 6906
9330 2769
4179 5380
4523 2605
6223 6375
4784 1489
4351 4714
30 2857
8794 3779
1582 8131
2420 485
9205 9388
6978 5043
4758 6458
290 2424
1696 3820
6517 7969
3607 8584
6007 6528
8931 1447
1724 9456
9329 2035
5155 7492
9563 8453
8555 3969
3112 4196
5749 1485
6531 1840
3742 1703
9201 7157
1350 1588
7001 1733
6714 6703
8270 2513
5803 2488
4023 3494
9701 8703
9142 342
3968 8147
6952 9711
8023 680
778 6662
9200 8731
5619 4233
5975 3026
7947 4117
8187 6559
6888 7822
9106 8907
2977 4226
1016 6067
4496 1616
6681 6813
4471 3632
6621 394
5210 5679
6544 4459
100 9247
5357 9134
183 5112
8599 2907
1608 3282
4584 6143
573 3173
9811 2449
1899 7215
770 5191
4204 356
521 9279
2475 2982
1264 5050
601 6809
8436 7118
9274 5979
1719 7770
4414 9314
214 2408
2870 2592
7976 9978
3019 1335
8312 4813
1057 7012
3869 1751
1290 152
6953 4125
8329 9283
4861 8460
2565 4062
8039 8061
6484 4143
1239 6422
2753 9194
8132 2383
2126 1351
554 7677
33 4094
3893 6659
9075 2284
9028 5804
9684 8446
3317 9043
3883 6990
9454 3325
6996 2767
2654 8206
2557 7395
2390 7115
3648 2889
5152 2979
2242 1222
6165 1095
8714 8831
8209 1307
1821 1275
7109 3451
9912 7543
321 2371
2598 5740
7587 9593
4781 1554
5016 1531
5610 7668
4639 3582
268 6427
8999 307
7983 2786
3395 8983
8677 9297
5759 2768
2949 7999
190 8990
9259 4257
646 709
6242 362
417 5537
2240 2456
749 9016
3326 4519
8028 3240
8330 6788
1755 9048
9269 1272
598 5465
8318 7757
1814 3774
8537 3720
5208 6150
5433 1871
9216 141
5849 5601
3346 2037
1602 9519
6539 9625
4227 8373
5015 1832
7188 2715
8812 8124
1783 1308
8810 8420
1909 5817
7033 5409
6373 2836
4029 3305
2364 2467
5193 4667
9752 2998
6456 6352
6353 7429
2950 2698
240 5198
8711 1706
7266 9655
1727 8995
5828 4974
2385 9220
8656 498
1659 2347
5745 9578
3097 8221
2146 4041
5650 938
8283 4134
8654 1109
285 6638
3424 2934
1521 90
3528 3822
849 3714
3386 6050
3279 6529
8589 3385
8105 8269
2271 1257
1995 3179
4259 8531
1513 6178
2182 760
2460 8471
6945 2018
7317 2
7797 8491
4646 1291
4290 5291
5617 1907
6142 858
7478 4897
1915 5792
2752 8832
6757 4005
1769 345
1490 5213
2748 1362
3066 2425
9993 9548
7263 7594
4087 8266
4683 7071
3878 933
2790 5806
4555 2841
8299 4021
4651 2838
751 4460
7372 203
7782 9535
412 3746
200 5127
3038 4264
4059 5425
6521 4009
2938 1391
7626 2308
5430 4166
9464 737
5462 3011
3608 9622
9353 6717
6016 1220
230 7010
5692 2900
977 3467
8763 5732
352 1890
5177 2210
4670 3181
265 4753
8986 8371
6428 4891
5084 2235
2508 6640
3040 7324
6700 5039
4620 1695
5317 2814
2962 5068
1046 1742
3589 1601
3578 3291
9740 7326
7840 3101
333 6330
7839 7112
8736 3792
1367 3190
5555 9723
6467 3655
4821 2940
9589 586
4989 758
7625 4841
5097 455
6852 2778
1306 3412
2670 5011
8464 2230
5159 6999
2103 1359
6654 3418
6691 7547
2415 804
9036 5005
7268 1954
1024 6489
6503 4366
2774 5676
1361 6677
9531 8852
9930 6669
2190 9855
3411 2507
53 6112
6385 2954
6203 8442
4668 7084
1557 7254
6949 8696
953 9167
5412 4168
6275 6995
9195 6002
3330 1744
1652 8167
1579 7517
2677 8827
7506 1081
4702 5103
3786 2944
6046 4757
6554 4336
4447 5586
5280 2437
5818 6438
7269 1887
5848 106
870 8956
8121 5645
7857 1674
7853 9963
374 4177
6550 4563
7511 7130
5678 1012
6883 7597
1976 610
2200 4587
6089 4804
2615 4672
2700 1497
1185 425
2965 8834
6931 5078
3801 1013
8649 5779
1827 591
4973 8497
7068 769
3881 516
7761 5516
4360 7237
544 9908
6127 7673
4273 208
7841 2663
8370 2430
3102 3761
3244 3971
1645 8663
7536 7355
8914 3367
4091 9402
9249 9833
8672 8388
8590 1973
4518 7311
5045 8144
233 6628
1419 3782
2474 3862
9751 9114
8600 2351
5446 6039
3247 8632
4864 5504
8523 1773
6092 1808
6631 4184
9495 9460
287 8324
4650 7617
8410 5615
4394 9784
819 2445
9439 5094
4868 5515
1487 2675
5609 9070
7519 3660
3957 85
4908 8161
9022 4111
2547 4045
9628 1382
6228 5411
3527 9773
4653 2995
5705 7472
3804 8081
6339 6073
3170 4440
879 4464
7987 4210
8322 6053
2719 8492
3937 4805
905 3542
6110 9805
8339 3124
7485 7342
7694 5985
1484 7300
3068 2227
5284 6693
238 2231
7193 1160
3261 4655
3100 1998
8090 6820
4994 1630
6855 3280
1252 4691
5117 9074
2300 5736
8517 9379
7096 1105
2862 6081
5851 7539
4869 4056
4501 4335
4514 7156
1438 1116
1797 6673
6680 4341
3744 5113
6351 1798
1441 4185
7000 6111
3408 2570
8104 915
456 8361
5836 9303
9346 3974
5890 5371
355 7362
172 6118
6869 1314
3141 9748
3845 9027
7709 9970
5721 1748
9374 1338
4827 1705
5768 7380
6644 5965
1713 390
2762 4918
7638 2920
4367 2188
8129 3646
982 4541
8385 2845
6393 2411
387 8298
1984 6279
1535 2593
2221 8389
2162 9618
4211 5122
9565 9262
3503 3300
6674 6145
4313 8707
7655 8722
8578 9596
7352 3187
3406 5831
9137 8616
6264 7178
7221 4750
40 3868
7272 4622
1223 8154
5062 2379
4806 8044
2761 5490
3756 921
8787 7505
9248 2658
5044 8004
9025 9663
5012 6799
7421 5449
8614 5687
286 7090
5109 4428
5287 7312
3808 761
440 6643
3001 8809
920 739
6337 3523
488 4129
6332 7808
3422 5943
6836 6522
7724 2837
7296 9109
7208 7606
9391 3547
3707 3139
4162 3903
4782 3689
1320 3613
1403 1339
1615 2387
696 7196
740 7828
4599 9125
108 3693
5670 2879
3185 5773
8386 1218
4964 4662
4136 7738
182 7531
2392 1492
5313 5827
6864 550
78 84
1127 3436
6850 2797
2606 2708
2686 7640
2075 334
3591 631
7845 1835
2077 6260
7656 3307
8225 9147
8587 2452
7778 9801
8791 3259
4055 1816
4124 4920
892 6415
1310 621
8404 5367
1017 6742
8239 2930
344 599
878 1979
6257 8345
952 4814
8886 8014
1745 4811
2490 5906
8559 3041
7161 4967
3306 1824
3665 4942
7527 5880
3008 365
542 4476
5756 4017
6567 1864
7847 7174
9933 1925
8348 8096
5953 7111
7357 5602
9363 6686
2439 7489
4401 7532
2855 2655
2114 4506
9693 3130
4469 4700
9143 6221
6128 9186
1867 6958
5345 2812
6327 9998
5841 2447
6132 8252
3363 6972
6513 3982
5771 1904
9021 5864
7953 9901
9722 8741
9055 1104
922 4452
7944 2176
1002 7039
9814 2872
7919 1054
8111 1681
7627 4554
9601 9121
7513 447
9943 9518
9763 8775
7911 698
1916 1399
4944 7019
1760 3032
5418 2234
5254 980
3654 1728
4952 7615
1676 1053
5182 9670
7124 3178
7576 5813
1546 5966
1684 662
439 5072
815 6380
9458 4756
7024 5823
5608 4761
2031 2820
3940 9937
7113 2298
476 2165
7631 1437
5079 2405
7907 9334
8075 6695
6402 3294
1953 145
2528 9390
5917 9649
5937 7786
8607 6979
3148 4722
7337 820
6104 8174
4391 8634
1667 9443
9129 3563
7712 7219
7774 4278
3437 6042
7975 807
4588 6218
3288 8164
4592 7314
9809 2093
2438 8067
6854 1068
5303 8936
4905 7252
3419 6472
9920 882
1978 6410
8570 7176
3553 8103
8867 5952
5893 9958
7320 7477
4145 2614
5720 49
5788 4686
6234 4792
3719 5514
1858 7385
5978 2021
8732 4669
9 1496
3926 8592
1736 5218
6031 7759
4660 1
1910 5520
8040 9926
3375 3331
914 219
1149 1854
719 2142
8433 2896
2397 6041
6324 5256
5709 9636
1529 3821
7316 9597
5189 2696
2266 1604
7341 161
8949 2625
611 1156
5776 3213
4330 4883
8241 1850
1259 6599
8543 7003
526 466
3226 1141
5521 1168
4671 9688
8391 6010
2006 5481
8742 4774
3999 4871
4752 105
3751 4794
8175 442
1411 3539
6810 6672
2267 6872
8876 310
6294 7207
3029 7596
2809 9881
2260 7393
8432 2801
1368 3797
3565 4282
4461 1605
8661 1182
2465 8536
9647 2733
1309 6981
7832 4441
1914 3691
7844 1553
1204 2688
2299 8601
854 570
5181 2810
2340 8120
4381 8891
9450 9263
2830 9455
3795 9199
8396 1576
5694 5146
5506 2219
7067 1174
2756 5402
3724 8277
8012 1254
525 9243
8919 1423
8735 3320
3064 5391
3799 280
1004 9545
7745 2863
733 9474
9482 2058
6997 1250
7564 66
1076 1891
5342 3254
8066 3886
3076 2374
7986 3135
5184 2911
1823 9770
1974 585
8937 4982
8773 5784
2717 2442
8303 3630
6739 1922
5422 6597
1360 2220
91 5936
2262 3732
6035 4690
2751 1166
4430 6191
9459 8307
2746 6280
7950 4906
3555 4545
2517 3934
2155 2943
9595 1389
2306 9446
6038 4216
7329 8629
5778 3538
9789 8641
5944 7535
1180 8180
8234 836
3846 3997
7718 9850
7114 7125
9507 4085
1455 4109
8941 3409
3679 2984
558 3446
3107 9880
9115 7702
2964 5379
9457 4521
8745 9425
1771 3256
774 3946
4788 34
328 3324
3803 9767
8920 965
5853 5733
7127 1408
6523 4383
5347 6524
4144 6684
4863 2082
4797 7858
2324 7918
2594 6905
7990 1189
2394 9742
9350 5653
3802 9441
3501 7884
6149 5296
4232 1029
9420 31
2780 1481
9797 5577
5885 1580
8678 5363
258 6727
1281 1534
8377 324
1793 9196
2163 8405
4534 9717
6083 5738
8271 8369
4512 360
6401 9434
6918 8617
9917 171
8224 7665
472 1150
9132 8738
5652 2596
2744 6762
2004 2179
1999 5369
4657 975
177 4327
7592 5505
9097 2343
7378 7688
6460 5834
4325 2348
9318 1007
2591 7451
9890 6851
4439 6147
6101 8833
7004 934
2329 8007
6492 909
4965 9159
8662 2005
5786 9610
7315 636
6733 1374
3739 1715
2960 9295
4640 5283
6611 3606
6900 2643
5223 7023
3056 9828
4610 3843
3149 7330
9806 7327
1901 176
1962 1244
9502 2529
4658 8859
3253 6911
4378 7443
7026 1330
2346 4371
2323 2153
7394 9606
9361 9486
3867 5883
5196 6859
9650 3699
9487 8889
2981 9672
6486 721
8411 4032
9532 1404
1135 7318
2463 8226
6553 2875
8489 9894
7035 9847
5077 4049
7345 9150
3752 590
1318 4446
6416 2328
6868 2419
7075 8548
7710 2166
9674 6976
1738 8700
6056 2878
8051 4963
6501 4912
7149 2913
3440 2123
656 7346
5765 254
8340 3466
7933 9966
1397 4928
4579 1460
5962 5791
7589 9637
1243 5559
6566 2203
3120 7787
13 9815
5925 816
5523 77
782 260
3189 9082
58 7776
9139 1448
1164 2848
9646 3227
2828 6157
3255 1577
2583 1432
1851 1099
8565 6452
5629 5030
9522 3489
7979 1203
7484 4745
2587 1943
3906 6344
1172 5482
992 715
3482 3550
7250 7565
9559 4006
2928 9530
9707 613
9012 3831
9003 7603
1027 7931
9442 414
5162 2277
3895 569
5535 1084
8960 3536
1202 9575
2111 2079
2314 9790
7423 1061
2816 3160
1981 8232
7678 9706
9829 6837
683 3347
1861 1928
1473 834
3098 3850
8824 2464
1035 3763
5752 2316
3298 3983
5040 8694
6709 430
6164 666
7364 5149
6443 22
3819 7054
8554 8730
9239 9386
4317 615
8653 2604
7690 8128
5334 2854
7279 7470
6004 8970
2936 8708
9116 4984
1803 6858
9254 3229
4150 2607
3892 5194
6667 5215
9316 6061
2813 3193
5860 9326
5934 4458
7915 652
3200 5270
8840 4661
520 8684
1242 6776
8301 6162
1235 1507
3046 3508
4546 6863
4502 810
7574 3532
1313 129
5625 1273
8515 130
7148 2959
5810 6226
566 8967
7122 8586
7643 2095
4739 8693
8724 2287
9376 1479
7049 3289
9718 131
2823 3051
7676 5991
438 3461
6738 359
8052 3765
8549 9962
6136 2381
2819 2105
1302 297
358 1791
9827 6369
2661 5199
8055 9629
6365 1113
5548 2927
4030 5054
2185 7302
2755 6055
459 9961
2633 471
4083 1848
3581 5686
2168 1944
9240 3651
8950 4057
7657 1689
2997 305
6984 6386
6985 4256
5812 3858
9054 2211
3381 8265
2318 1752
1181 1514
2080 9869
1749 460
3344 2436
1108 1456
2588 6434
3397 8113
9099 4725
6558 2127
6333 7163
7216 5908
8880 2002
8624 6971
4000 2039
3096 2689
6059 3894
8720 2028
4263 9988
4575 7687
7131 8605
3277 8631
8994 146
6596 1464
5306 9233
1143 2184
2150 2926
3449 2972
8612 2510
1753 5723
5439 1589
8980 6500
5069 4673
7923 7438
5697 6166
79 6770
59 6747
2349 1325
736 6520
4120 4684
7098 8974
6325 5588
4113 6495
2268 4099
266 2942
8895 8194
8952 7136
8238 5805
5763 3145
1493 4128
9212 4171
6246 9124
7948 1436
5562 607
7008 3875
212 5074
5007 3993
1707 3979
8414 2013
2657 612
9808 8406
8943 2491
4694 7486
3391 1315
3407 928
2705 2500
7646 3773
7666 2049
8078 7892
655 9224
1965 889
6881 505
7560 3224
5995 164
4438 963
4312 3634
5798 1331
3692 2147
7809 9231
6622 3956
2171 6798
6432 9676
7020 8296
4612 4271
559 4462
4334 2741
6023 2084
1906 5881
530 6598
4483 7579
9165 2432
2939 557
3405 9136
8326 4953
556 5517
8926 6205
3851 8655
4708 9511
9713 8789
1028 1317
8279 4962
6293 6506
6580 9038
4382 9947
9158 9065
5920 3541
8644 572
3526 9975
3262 4999
9879 7716
6853 454
6060 2642
4164 3232
3267 3736
241 5410
5060 4492
5496 3876
1111 3512
609 6574
7140 6721
7771 8133
8486 3524
3546 8125
3491 1090
6222 9925
2492 9716
5055 9080
7636 4241
5600 8985
5583 6650
2051 4816
9051 4275
1425 1933
8842 7973
5142 7404
1345 1644
5474 9510
4629 3552
6245 1536
8099 6321
8076 2321
4004 1412
4995 5648
6847 9000
1041 9849
8505 5469
5844 4901
7195 121
316 659
7758 4838
1426 2164
2915 1869
1721 1805
3034 9667
180 3380
9222 5655
6315 4759
5825 2681
1454 3297
5255 8402
7431 9726
1323 3698
4647 2353
4940 3182
5879 803
1542 9976
19 3619
4562 7359
9068 3789
844 3759
8463 704
8074 9968
239 5801
4243 762
1886 2788
5473 1625
4877 6194
445 3313
3570 1276
9923 2019
6305 3417
665 8502
6535 8501
16 2824
5511 380
4377 8877
801 1262
2326 5488
6499 1573
4201 2325
92 5330
9339 8196
9741 9040
5571 8864
1329 8227
6579 7801
9317 4862
7212 9795
5048 1378
6338 869
9336 46
6702 3022
2720 6817
5226 6036
3048 3683
1781 3815
1427 8082
7483 6578
147 244
2827 1269
4020 8087
9652 4195
7737 5289
5442 7642
9698 3826
519 6901
3156 4589
8702 9256
9308 8137
5795 1661
720 8541
5524 6290
9872 138
9782 6604
7618 7563
8011 6446
486 7427
6983 672
5814 9445
8817 2525
7048 3559
9131 4437
8669 970
531 2050
7432 9512
6454 5262
8522 8997
303 4935
2630 7471
5671 3455
1225 7883
2798 4526
2317 1060
9874 9552
5772 2462
3827 101
8469 3771
9470 4194
1219 4675
2378 1662
8903 8123
1410 5987
7503 8719
8698 8203
4379 2215
5513 3844
539 7468
7545 3887
8434 2578
6822 5320
8152 6097
8573 7081
6461 3084
7440 8532
4098 6518
5958 7961
3453 8962
312 3586
5468 9076
2099 1804
7875 9381
2750 8146
4641 2092
3694 5497
6941 510
9848 5001
641 2895
3896 2680
7836 9223
6784 419
2970 1761
6930 1191
8183 9591
5968 3872
3078 8193
61 512
1948 8300
7138 6951
9426 7063
8911 5910
2327 5282
9592 185
2546 5420
156 8792
4206 6155
1668 3709
6716 729
5315 2994
209 2969
277 9952
7424 6151
9015 7906
1884 4701
3237 5019
1501 4152
196 2933
9979 7796
463 7551
7521 9803
6586 5950
5350 3954
135 5153
1614 8478
9776 6537
1711 6920
1613 5022
2792 8608
7567 5642
3199 8456
327 6364
8182 3787
5437 4858
1788 814
6291 6431
7376 7714
9128 8438
2206 2623
9140 1431
8079 7379
6581 3897
1358 7927
6198 8734
3015 900
1500 6009
3643 3962
7981 6078
8458 5092
1743 8535
6258 6830
2993 9955
6582 8022
3842 8512
8444 2707
821 4374
2729 2489
8069 8258
3099 9349
7291 2476
4955 6725
8018 2125
904 2687
8768 7461
2174 6910
9160 9056
8896 7436
9837 3919
2422 7831
5986 8275
8836 45
3870 9463
2224 2008
6281 4829
574 6934
4035 242
3345 514
194 267
8494 5578
9731 5253
3990 6723
1241 7099
9319 2134
4160 9766
2409 9475
7168 6174
9432 7257
8461 6865
3109 8019
4957 3217
6334 3647
6020 6919
4812 6895
6303 9236
3645 9448
2237 1286
8796 1570
7793 1779
9061 6687
4583 468
5066 6261
4644 8674
1759 9516
2121 1274
8879 157
8658 638
9163 9105
7706 9385
6765 898
1698 2388
7057 4728
372 2620
481 42
7143 995
8429 2763
2503 2202
7546 3136
4213 5372
2539 3879
9503 7166
357 3938
8184 3566
7972 1477
4118 5861
7013 7274
4572 6732
6758 2291
6032 1762
2455 8237
2307 7120
7179 5415
702 1175
4755 8331
1056 5613
2685 5414
5224 3908
4503 3079
919 1025
5821 7047
3522 9857
341 3828
8769 7256
6839 1845
1248 3882
7082 9292
4645 9449
8416 4338
2577 3849
3923 2480
877 4556
4305 2554
39 5307
1301 1548
537 6249
7175 8863
8577 7213
2951 6783
8657 2451
1568 508
2194 8665
8286 6379
25 9613
8709 4520
6573 9187
1774 3685
4706 1746
7199 448
5316 2069
3458 62
3944 216
2821 9332
1537 3729
9504 1631
7488 6006
5553 667
9333 3622
4807 9916
1379 7699
8017 4202
1643 7085
2891 7891
7507 7051
7460 8816
8965 9714
5974 6005
95 1794
2515 6213
8281 3921
1265 9831
6176 6025
1063 4254
6441 3784
7658 8344
3094 5563
3710 552
9491 1201
3621 4553
9331 8020
8034 1049
9673 6603
8770 6350
9198 8594
3309 2132
6679 9499
4735 7713
678 3716
3674 3231
4723 1082
6113 8255
4985 8000
4810 1475
304 7904
5967 7425
9020 3625
2278 1227
2003 9946
1920 2710
9351 8155
3093 522
7753 4558
8955 6286
6811 5808
8117 3114
9500 8875
1868 1866
7607 7949
1893 543
3690 4808
9668 1465
4315 3077
1924 1440
3853 9620
1383 6167
7354 4859
1494 1328
6482 5166
4014 883
3721 1511
3927 3680
3497 2265
2426 8747
4343 7135
1754 5918
5358 9401
6651 4073
4898 5444
1519 600
9173 6675
3239 8921
5681 994
6285 7723
2569 8130
3328 2850
5637 8218
7811 3556
8306 1561
9588 951
8065 8380
5268 2025
7297 353
5873 4088
1929 3970
8945 1545
9030 5594
6367 8393
8826 4803
6395 7338
9708 3812
8403 1126
4012 6255
6470 4679
6861 4342
776 2999
9709 1299
8571 4397
1279 7522
8566 5997
9577 1971
8689 4815
6343 2359
9609 5120
7581 1825
6274 2929
4472 4799
2983 1327
7731 5545
6306 6011
845 5351
3747 5110
3360 1094
1034 824
4407 6403
3857 6892
4043 9719
1505 2493
710 320
5390 3929
2883 8106
5657 5176
568 3308
9666 5767
8355 6778
9810 5200
2091 3598
2795 4279
7874 4405
584 9882
4561 7073
6614 1370
8390 2935
1524 8098
6970 998
2199 4322
3351 697
9817 7935
2804 7514
4362 2499
7893 5512
8274 6917
7236 9396
6037 4307
8673 7078
9424 2183
5340 1640
3108 384
8640 8520
5954 9244
3143 5699
5882 4127
2283 6382
5807 4159
8713 3197
7939 9692
2333 3186
2711 2486
5760 6341
9550 3777
3012 7456
4680 787
4372 9909
1627 8788
8685 4140
3996 8419
6024 1723
1229 3195
5453 7722
2074 2526
5150 5656
2160 7799
6473 4566
5689 8118
9253 2629
855 2853
7590 5014
5173 4131
3157 513
9812 6960
7971 5377
8510 7064
5973 2649
6541 9375
1679 3659
926 907
4420 5258
6932 1936
5969 4102
4505 3561
3519 5605
8666 3580
4426 4316
924 127
9977 4490
8558 6450
9525 3192
5782 2222
3271 5690
8988 4823
4331 3457
5170 1110
4867 111
6801 5143
6153 7988
4003 4245
3095 5017
1647 8998
9395 2033
2076 4033
5547 677
2320 4531
3769 8480
8032 2431
336 4899
4737 7059
1014 2704
1192 7849
779 1256
4217 9950
1699 8910
3661 707
847 3545
1675 6588
5067 9642
3336 1435
94 8409
2908 6653
4590 9069
5902 6202
8828 7356
273 1688
8035 5086
4913 143
8231 4060
7444 3454
3410 3960
3292 2201
7583 405
7295 9942
4600 4959
2975 1011
5392 620
6137 8050
3687 7781
6902 8680
8484 5541
9774 6887
7704 1729
4717 4550
1946 2734
8552 9682
962 4527
7167 4695
1396 2825
1365 4260
9696 6899
3535 8746
3204 4291
5996 2832
5000 6084
2937 4036
4538 7430
5611 5383
6398 4427
8093 3304
5658 6383
1633 3228
6845 7664
5197 9360
4309 7070
6362 5285
3370 491
895 5452
5794 5766
4822 1393
780 3433
8114 2410
5931 2024
103 6478
5061 2833
944 3593
4246 7717
972 3793
5994 5717
2726 9582
2736 8623
2054 9207
6748 6028
7790 5822
3635 1620
9017 1648
9328 2518
3404 6247
2413 4489
431 6664
1955 4167
6359 3020
7681 2186
6265 4090
4146 3318
5487 5032
1075 6821
3286 823
2846 4451
507 5661
4840 1070
6652 5250
4824 8563
4707 9282
9736 8151
11 887
786 1205
1656 7139
3116 4617
3572 371
9104 7768
689 3272
3007 5304
2714 3579
7989 4870
8352 8971
9680 6192
1463 5145
2057 2296
5116 1247
8473 9938
6957 7158
4884 9301
8372 6812
5684 8699
9730 4524
7670 2148
7442 657
5575 3131
9995 3615
6498 4302
289 1032
6229 8862
8922 2247
3653 5519
9153 6300
3053 5926
2636 4693
7813 9570
7153 1650
9607 4636
3592 3364
7695 625
4689 1000
1364 7725
3125 3585
6779 3399
9656 2245
2985 3180
218 1445
3644 2904
4593 9527
4978 4577
8490 2209
7261 7260
6076 4165
1669 3327
3006 3264
3540 2735
9980 3506
4011 1563
504 7885
3514 8904
2196 434
427 173
9315 7515
409 6844
6805 4975
5596 5980
4539 2747
4990 9483
8353 4551
9414 4054
5526 9967
686 1989
7273 3775
5107 6569
7170 1988
8725 2270
9899 6973
5718 3425
4845 1939
9787 6008
2540 2551
9665 6649
1215 4231
3649 3873
7177 6880
2903 5472
2041 7721
246 2892
2416 1982
7031 3807
2621 6277
5265 9429
7963 763
8285 5064
6490 4244
9266 7332
2015 7524
9661 4917
7290 936
5587 8996
1102 9779
7402 4843
1119 2059
3933 5809
7867 2545
630 1686
7360 9323
70 9273
7806 8450
9103 8744
1885 3206
7896 1303
1740 8095
6542 618
5640 7960
7294 8604
17 5549
5360 2292
6014 4820
2638 8030
1780 5227
3617 8358
3639 3605
6048 7441
6114 2550
9536 9786
1442 6342
6793 5396
3814 8671
6587 8057
9639 395
3963 1811
4682 9677
8740 8639
6259 5616
3042 3684
9362 8710
9046 4148
5333 155
6564 2313
7021 2956
8455 2089
9571 5928
5026 9208
3473 4638
5221 8013
658 6058
4008 8379
8036 2310
4643 901
1033 7929
56 9264
1547 3188
6442 1809
1498 8539
7780 4853
6502 5977
2149 671
6314 9862
5840 850
5664 6699
6158 6548
4105 7222
7463 1598
4544 7240
7162 7117
5169 1621
679 6708
2341 3488
4193 6371
2660 8771
2971 7087
6181 7674
7497 939
6487 6034
9505 3426
296 337
1333 7060
8992 9868
1355 7994
708 7473
3988 3402
5872 1683
3366 1849
9045 9802
449 5628
2172 811
4294 4368
1125 7304
179 3860
6835 2441
6469 795
6879 9555
6704 2725
8519 323
5261 8485
494 4040
1069 5366
5560 7182
4388 943
7069 6051
7426 2101
7552 8088
3587 1048
378 5896
332 9063
4925 6660
7518 7754
5635 5911
6062 501
7978 1132
1386 6735
3159 837
3770 2645
8908 7389
3067 8158
6730 8408
3442 3052
6080 330
2968 6964
1841 8633
1293 5889
6414 158
6311 7292
3203 728
4721 4419
3989 4308
4741 163
8341 2330
475 1853
8399 7374
9885 5248
8837 5230
942 918
6605 6948
8142 9179
8547 7996
7046 3121
6533 9052
597 1795
5434 2656
5318 2986
5702 4654
4779 7428
415 6584
5065 9421
885 9627
7798 3998
5479 5352
6374 6144
4846 5819
2362 1528
4385 9113
9492 2702
8873 5314
5378 4350
8495 1833
8638 6711
2112 4547
8263 7253
6408 4970
1622 229
5356 4833
7632 7334
2562 2207
4224 784
2880 4253
6875 3133
7233 8765
871 2728
6411 3533
7171 7622
7866 5528
8366 9453
4486 8909
8621 1860
5466 5140
6388 1184
4743 890
906 7740
8177 8779
3362 3432
6867 3295
5753 489
1305 8675
4448 1883
2945 2423
8869 1499
6612 8948
4720 5362
6044 1961
8073 5706
6193 9307
3263 9715
4882 2829
6632 3010
68 8256
215 115
886 7727
9598 5693
5757 935
60 1578
9084 7566
1756 8526
8918 957
3117 3951
6329 4234
9747 1186
3023 2723
9367 2530
6565 5695
1462 1937
4203 7226
4266 3682
864 2213
7373 1268
6705 8437
2738 4842
2709 6583
8116 5375
6592 4358
7050 4077
4108 9651
8878 9576
9792 3481
9983 4389
3521 8823
9972 2691
961 7399
3667 517
4223 9094
83 7544
8233 9191
9162 2011
3111 8692
857 388
7609 7321
5417 6893
8759 8514
82 6160
4787 9556
2718 8072
6075 391
329 3070
5862 406
6417 1031
6547 6781
7879 9252
5582 3241
5726 4881
5493 4635
4557 3898
9384 7909
3791 2487
2446 4772
9932 2566
1121 3127
4649 9358
8829 4927
6545 3061
3090 7777
428 9553
4031 4937
5348 7528
8157 9241
0
