10000
6203 7262
701 4442
1059 4666
887 3229
7992 3912
5044 1029
5110 8419
5983 6705
6730 7881
5771 7819
1575 2755
8417 7451
1185 9436
5753 7806
7423 4680
6416 912
5864 3448
3122 114
6462 8141
201 3446
717 9508
6496 3759
5275 8531
106 4535
9852 7545
1723 1399
2286 5694
5308 6471
1569 7013
6393 3596
4955 7480
141 408
8117 6636
7869 2255
1546 1774
1982 781
710 4847
9948 434
2143 8465
9277 1314
6061 3348
8394 2729
9156 9841
698 2978
4729 8001
9152 5889
4801 8864
6675 3492
2095 3954
8198 908
6085 9753
6098 8042
5189 3137
4110 1739
4791 4068
9999 48
8911 506
5660 33
4880 4962
4006 7766
696 9190
9768 799
9611 1604
4919 5822
6328 7162
2112 782
1270 3407
2982 8712
1002 4487
1224 5027
6594 8571
4003 2706
1336 5067
4080 5818
6410 9225
1377 1049
266 532
9740 135
1038 2220
5913 9196
1766 8499
1587 8612
7476 1225
2553 770
9301 8025
2152 7803
7311 3267
8283 2784
9817 1858
2242 9221
2938 9514
9238 6866
1781 1337
4896 945
2959 6806
1938 7831
2941 3832
1553 6706
8620 704
3701 7441
901 6942
5113 4586
8707 5568
1580 1512
829 3542
4020 1003
7374 2424
1088 6354
8254 8349
4239 6569
4643 1395
8404 6483
160 1633
9679 3277
3914 8158
502 7202
4312 4638
862 8682
651 7970
6618 4861
4696 3011
2885 3978
511 47
9949 3341
6560 3764
1368 5993
5455 8569
2901 1205
5679 507
7468 8817
2509 7356
9910 7510
8668 2751
6479 3153
1692 1992
4075 555
9763 8050
7838 1578
7045 2484
7184 2502
4363 8963
2702 7673
2713 497
1798 5241
5372 3432
8481 6697
9747 6989
3242 1779
7965 1462
3958 4359
7027 4498
596 9834
4209 6566
5793 9449
7662 1301
8829 513
9880 3680
6294 5225
1605 3311
9170 1266
2027 3773
7664 9620
6290 5742
9066 8957
3398 381
3029 8112
9708 5838
8907 411
8954 1823
9593 642
8204 6874
3442 6489
9440 1160
6459 6555
1437 1954
8409 1449
4474 7443
5954 4656
5306 3802
4011 3367
7078 2869
5425 5567
1961 3616
6506 6878
5397 140
1628 9185
8519 2819
3837 5970
6000 9870
6801 2459
2704 9345
5717 6331
7842 6373
495 8231
5045 2583
616 16
5108 8611
4377 6937
8149 731
801 7681
8205 3456
8166 3152
9549 5228
4217 3953
2100 8460
4626 9200
1614 9227
5319 9907
8190 4418
9929 7729
7447 1387
8206 7160
2331 7824
5049 7647
7176 9087
1440 8371
6585 7840
552 1312
4349 2344
6494 1461
1433 2730
490 1714
6720 2420
9867 2750
8862 7688
509 2989
1746 5779
7857 7357
9280 5411
5684 9173
5344 462
668 9441
1101 9730
2385 2064
8172 5887
8922 4242
305 95
9076 3619
3033 2524
3898 8028
5488 2197
3736 5034
2212 4943
3032 4597
1469 6045
7033 4135
7425 8095
4967 9748
6547 4415
1655 3877
7625 6805
9724 8136
5681 8663
2436 3578
2671 6118
8018 3292
1076 390
6829 1521
1145 889
5757 5260
5328 3646
119 8931
9594 6350
3657 4734
3501 3548
7144 2733
825 5359
1385 7714
4009 9480
1789 6361
7203 5599
3681 1112
9445 6009
158 5154
1442 533
4233 7303
1555 2687
8781 7072
6510 7392
2893 1351
4525 8771
7039 8521
2745 6571
9521 6460
841 5836
488 8852
8763 1111
6284 2836
1309 7718
1252 8201
9871 3102
75 6313
6131 4735
284 6426
4607 769
6490 2768
4004 6791
5340 8554
8644 6067
5483 1094
9996 319
4353 6050
7400 2556
3595 3391
4536 728
9214 3109
5094 1360
6545 452
9769 1787
6965 8080
6212 3401
6077 6847
8861 4250
9938 6635
8250 9303
6800 6267
556 5028
4804 4678
2958 8962
2635 1627
4953 5588
6436 7118
4549 6362
2666 5661
5298 8009
4165 7978
1607 2202
1626 1421
7277 8808
7602 31
2605 2288
6596 1846
2683 7313
7588 6482
2187 1261
253 2425
8220 6572
3301 9673
7064 7061
6163 7449
8470 5966
7182 5853
4854 1507
5221 1865
1765 8372
5960 8271
4569 9325
7133 4152
1196 7240
6634 5581
8896 9557
8440 9223
4756 7547
9807 8300
9148 8881
2074 205
4479 8782
9176 1048
2096 5046
485 2293
6440 9506
570 9412
9201 9746
6567 1274
62 9652
2705 4488
4192 4127
1809 1601
6924 2302
1446 1966
3638 8606
8532 9856
4981 7663
6142 4635
7244 2055
6684 9562
1795 8447
9179 362
8376 7856
5519 566
2911 6143
7338 6351
174 7759
297 6552
8681 7852
2999 6021
3397 3487
6182 6707
5125 894
2456 8648
3012 2927
6589 9715
6735 4987
9628 4170
3977 443
4154 7345
3419 4673
3659 4763
2217 5655
1306 7644
2306 3474
3160 5980
7506 6447
3124 2600
4193 6597
3368 3650
1977 9577
1906 4034
9026 4395
3664 5395
881 8893
1596 6315
9005 8636
329 5985
52 7077
6726 4042
5326 179
4591 5952
2776 920
2906 1019
5026 869
1720 6175
5736 8996
6345 6599
8578 5914
1889 7871
7746 6858
6945 8047
384 1734
4050 2445
4246 3357
1438 8293
5266 7816
366 1788
4519 6366
2117 1864
8664 9296
2047 5673
7672 4141
8643 8180
9743 28
6859 151
184 479
9771 3249
7692 9396
6982 1276
4180 5098
8686 9580
4099 8575
6581 442
2692 6164
8006 6282
7631 1107
386 3760
6895 7304
2036 6139
7914 2672
8226 8573
8514 9052
3941 7211
1548 228
7699 1147
6960 4435
3799 9947
6250 4296
6780 8928
9914 2015
243 433
6217 2105
437 4641
7860 634
6790 5450
9042 2622
3340 5088
4301 7294
6723 3239
4924 833
6991 4555
219 3565
4997 7192
8999 7972
5245 4043
5701 2228
4408 9385
5156 1168
2193 6976
6476 9228
9495 1451
3063 6293
2545 3116
289 3732
8267 7528
8850 7931
2549 3582
3842 5222
7608 399
9485 5535
9814 8689
7712 7164
4148 2822
3459 8383
5629 26
5273 3034
257 7499
8472 867
8504 932
5768 3298
7498 3663
7989 5009
8909 7731
8213 8585
8223 7431
3658 1230
8097 2690
9877 3576
467 633
2128 2301
1028 3025
3648 9764
8849 4319
4859 4749
2086 5123
8451 9596
4462 3004
8510 809
2599 3437
4914 4970
9094 6214
9095 1390
5604 2393
4890 9397
671 5549
4258 1868
2294 2900
2260 2259
55 6117
357 9207
9532 9027
30 9734
644 6813
8045 2558
5714 2917
7710 3049
7532 1376
3816 6470
2603 1659
3040 9779
8933 3362
7107 574
5596 6769
8345 7257
959 3643
5522 1912
9414 424
8888 523
1741 3394
1583 2670
9687 1430
7883 1171
5013 9435
9084 2366
6531 5307
7173 6523
3019 2481
4583 3209
6033 4151
8173 827
1999 3053
6144 6640
711 8488
7016 8031
4706 354
5363 5994
8599 918
7850 7245
3395 7411
2873 4542
9415 8071
7229 1957
7521 4940
5065 7594
4168 1519
1673 3047
8567 6231
2663 9933
1356 8393
8683 6001
8945 7359
8008 2601
9349 4425
7574 8301
4140 2403
4371 9578
6674 2008
7235 4798
4161 8121
2140 9268
3956 926
7966 6298
3190 9613
3600 5335
9836 4584
9307 5795
9884 715
9246 402
6054 7156
9029 795
1958 7397
8985 379
5337 7694
1874 3606
9981 1199
9406 8029
1188 5284
8762 8728
9911 1365
4385 42
3676 3132
9629 2503
4222 1677
4723 7017
2947 1876
705 6904
9091 1426
6778 2833
2160 5570
6338 5772
2858 403
2571 8319
5274 6920
9638 254
7296 2012
8779 4882
5192 9898
6105 9535
3039 8591
3809 8528
6176 5922
5892 9165
3015 2650
4975 9525
1991 3135
3486 2797
5534 9045
9399 3321
8590 6201
2968 9244
1495 8143
4605 7603
8170 5833
15 3299
5508 8998
2945 8798
2562 1566
1214 6788
6809 1638
863 385
5033 4568
4338 7467
775 4969
3271 6748
9501 754
5944 3269
6846 4950
288 9489
1925 1942
4344 6157
8947 3359
2961 4032
5735 9873
7483 9099
840 7578
4332 8617
3246 298
3399 5778
4570 2534
7300 473
3613 2108
6268 1785
4058 9247
5454 9823
2841 7048
1313 8746
6940 4893
930 5664
1802 5106
7675 1663
4392 4226
8412 7679
6821 1637
6348 8279
4427 9103
8315 9498
8070 4775
9 6227
2258 6040
8200 2097
7964 9212
5207 2655
674 6624
276 3632
6949 5680
7832 4664
756 3162
6915 4614
5982 3169
1968 9529
5900 8129
6938 1848
428 1857
3112 1099
929 9104
3925 5375
8242 2772
3523 4113
2747 7377
3869 1943
5460 6768
6649 8441
5206 7282
1873 5496
3994 3089
7370 6679
8835 9522
1026 3695
1403 6501
8501 1044
6488 4387
6935 5973
1007 246
57 2354
7925 3513
1905 6755
571 5870
6029 5084
958 2359
7236 6024
1271 1198
8298 5007
5021 2330
6337 1524
8547 1652
9887 2826
9992 8869
5472 2275
2739 1953
5949 9253
7641 8091
9742 3470
4707 3105
249 9012
9787 1665
1528 9894
7382 4132
5161 8880
5987 3543
4746 2336
7684 3737
4389 1031
8353 5111
9528 9801
6386 1837
5719 2803
258 2840
3183 7058
5909 5613
8358 9456
8727 9651
2606 3975
4712 3674
1110 5419
5002 5214
9583 1234
4243 4897
6206 9809
4793 1018
7951 9423
2703 9995
9956 559
2753 5844
8780 8366
8982 8041
1955 5096
9576 7808
3943 3161
3580 5418
627 6779
8402 7404
6728 1700
7193 302
3176 7503
4311 6007
5114 4086
6623 5551
125 7328
4910 6644
2898 1263
5814 8058
5616 1056
1759 8111
5825 7534
8639 7409
5301 5391
5424 2069
458 9530
1186 1602
43 1
8498 1258
5416 5444
8124 1617
6120 9248
3861 7053
8357 3309
4912 2480
9627 9968
65 3568
8108 6605
1731 4835
9124 1941
3236 7866
9861 3935
6249 5576
8431 6034
618 7412
111 6025
3473 2049
9698 5894
3428 9906
314 4200
750 2871
814 7977
3840 2232
3352 9428
7582 2182
6450 1710
2931 9865
1707 3002
7997 8105
7709 8484
7170 8423
8341 9928
9707 294
22 3933
753 1429
6736 3724
1381 9017
1470 3496
2578 4280
3970 7648
553 3268
1183 7065
8965 8367
8915 4057
2977 5001
7698 7601
2565 6419
5707 4629
1987 4908
3745 7685
1054 7115
5134 2210
680 1067
1870 4018
1854 1211
3919 9358
7446 8607
3974 6609
4426 1662
6549 7797
7142 9538
8872 1571
1036 9046
6749 4147
5959 2475
1075 6200
1980 8995
7787 3243
8438 7875
9587 7010
5996 1095
85 3189
9863 5146
340 3377
1760 4688
7363 1770
9819 5112
7686 6631
8560 6160
9222 5561
1074 9792
9890 8439
3043 9866
6295 6548
5782 6262
5817 8608
2937 4996
3822 440
7351 2985
4081 8079
802 2522
5764 1435
2113 263
4361 7639
5747 8866
3365 122
4105 4447
7394 5589
6221 3350
3439 3286
758 4526
2323 4879
1994 6332
3782 364
3339 5654
1148 2006
1355 9064
6961 4509
8202 2487
7667 7577
3835 4097
9304 3593
8540 905
738 5523
8971 2934
9897 6444
1967 3720
194 3952
4224 5331
9553 3617
9132 6052
3488 7248
4783 9182
1681 9846
610 772
7815 972
8269 914
3248 4979
5421 3328
9387 927
1727 681
9191 9822
828 9438
2204 712
1280 5295
4942 3151
3862 9479
3679 9885
8054 8784
8904 4507
3766 7980
5957 455
121 1030
24 6114
4620 9039
2063 2062
2080 4662
9625 8482
4755 5752
252 206
7125 3942
1380 6297
9089 7809
7376 5746
2379 2355
7844 1135
9330 2904
8375 7984
890 3438
7126 9830
4220 7398
1498 4214
4764 87
1184 2722
6696 2310
2426 4203
9900 585
9075 1362
6957 3587
4939 1791
954 7928
2948 4988
8775 7829
7700 9827
9403 3257
5325 5930
7136 4842
5498 9136
9774 1850
6101 97
4489 4277
8863 804
4697 7057
8660 6990
1402 501
2519 8318
2568 6369
9733 2268
8116 9524
236 4660
1534 7752
6237 8943
6020 3819
9784 5618
296 4894
6968 3215
1598 1456
7839 4840
3502 3332
3421 9313
9487 1237
6463 5698
8529 6372
672 3968
348 8196
1690 669
6441 6017
6166 9904
6536 9250
3358 2731
8308 1764
486 673
6421 8311
8240 6950
1922 3618
7658 6764
5760 4888
446 2068
4031 7723
2695 6659
3333 1653
438 4188
573 3338
6556 4864
955 5910
5145 1811
4668 3905
6661 968
196 8553
4725 2698
8604 9612
8868 9954
1134 7289
3251 6492
5641 3693
9020 5540
1794 8194
4703 3993
1388 2442
6078 2461
1050 5875
1436 7779
3769 9275
3085 3826
8914 345
5548 4204
1092 4320
8960 6335
1810 3101
7981 6550
3815 3131
9116 4477
2189 9969
1486 6883
8239 234
1807 6064
2119 9483
6055 794
8153 2607
2229 5153
9610 8187
8669 4155
468 7825
8903 4521
6346 8920
8360 2276
5144 2986
8634 3093
8789 6423
1226 3349
6643 8334
3688 866
1140 5630
2305 3683
778 3020
9086 7894
2024 2744
8449 3080
2371 7676
540 2914
3467 9888
5686 5831
5634 3440
656 8583
4694 607
6979 1518
6216 7502
9982 5377
9864 5163
6632 7687
3158 3512
1613 3670
6630 4414
5562 1946
3931 3559
8579 9063
4814 4654
4530 2186
5270 29
9821 8473
1629 2137
9539 8259
7260 9220
7508 9431
3381 2065
8804 1353
1666 1516
3765 2644
9983 8786
5223 5823
4691 417
5352 967
1104 6191
9691 1932
4760 8736
6455 3881
7713 4868
8163 5030
9972 7185
2838 7973
8596 7933
46 1688
6006 1034
1972 9339
80 3244
721 7982
6430 2724
1220 8584
9859 579
3624 3094
8944 4571
3801 575
7916 796
8802 9518
7227 1904
7273 9038
6387 2175
709 6782
3524 6322
4438 4345
5925 6868
9851 5899
6107 317
7755 3855
3418 5840
12 3602
4482 6003
2348 2102
3106 4560
3888 8257
5903 2618
7495 1278
8747 1963
7309 8834
3656 9797
9240 5467
6845 7949
6986 6907
5187 5128
527 895
5039 5184
4765 7484
2388 6391
3284 435
6005 7148
2458 8189
818 4928
8327 8167
2681 2892
4405 2664
8241 4129
68 4236
2014 4244
5693 4884
159 8459
5888 7767
2660 9018
2023 7895
1070 6814
153 1522
7764 1246
9452 1465
6894 3480
2351 2490
768 9347
3774 8074
4416 2091
521 7408
7375 8860
6094 1330
8738 5434
560 5705
3964 4351
1754 9455
3064 7444
9492 9015
3992 128
880 8551
3621 1525
5500 2748
4300 2598
5904 9174
6902 7190
9875 5639
2801 5999
7274 9298
9338 5297
6389 459
273 864
9614 6784
9943 3108
5160 4524
4704 7906
3573 9162
2374 3967
9515 9717
6650 6325
7149 1343
1683 1119
5594 4181
34 9216
4087 7362
6395 7823
2111 865
5257 393
619 519
4289 9773
312 9477
1527 6739
8546 3514
58 2416
4862 1630
3478 2061
6469 6999
3570 9279
748 4682
4035 9144
2041 3345
3718 2022
9129 7878
242 8714
7098 2682
8325 4307
6663 6177
2162 3072
588 2652
4640 8461
9781 6620
9842 8215
195 7210
9491 6867
7628 8398
1463 5931
6222 4484
4077 3173
1642 3874
7501 3661
8857 8696
4002 5642
3165 1477
640 5948
5493 508
9164 9646
349 6
2334 7563
6148 3054
9951 2951
6097 7258
2874 8524
5740 6458
1347 1476
4772 3522
2813 4821
5928 8122
3990 2499
4186 5077
5765 3192
9003 5893
3471 2579
1267 6461
188 5432
8182 7137
9659 6329
5659 1320
4325 5048
7744 8035
5953 2417
5956 9718
3687 3949
7975 9109
7155 2608
7971 7902
9962 2003
3778 8133
7561 685
3700 4157
8633 5785
7798 7789
7178 4
7542 8726
522 3642
8059 7737
3521 3960
3547 7063
4285 7159
635 5800
1215 1928
6522 6686
8917 7187
561 2372
6948 7111
2324 3274
8063 7224
1431 4451
7576 8722
5737 786
2231 4173
9016 7
1245 8690
8263 7546
6848 2574
4677 6232
9454 169
53 6243
1471 7044
3221 7008
2609 9410
9720 6446
952 9650
84 7703
5387 2896
356 9070
7549 4052
430 6857
7519 2667
7776 676
3950 8435
5103 3612
4980 9153
3839 3525
5780 7788
4431 8077
9735 477
1799 4172
730 5647
1222 6856
7006 4532
1936 4121
6451 9585
5731 1077
1472 732
4445 9484
8975 6672
2473 9527
2368 3939
7607 8559
7830 5140
1729 5373
1170 9211
2396 1169
6601 9107
5978 5520
5079 4302
7903 2081
2807 8326
9854 6403
9699 722
6306 2920
6582 2981
6996 6405
3490 8087
8210 7595
8838 3588
5055 3295
5672 1576
8655 7353
5874 922
7043 9269
4669 7618
6158 736
5470 1333
3075 2250
1635 8443
3678 4306
2867 6242
8812 4850
3412 8641
7315 1897
5820 4143
9161 7640
4492 2532
6239 5008
3776 2967
9159 8038
4461 6840
4655 2164
3477 4125
8397 1344
4984 6204
3498 6771
6235 3435
4679 2641
4844 8424
3493 4324
4195 8483
3713 4744
8381 4637
5138 9205
4578 451
9337 3330
137 2699
907 338
4241 6385
964 6190
7112 3159
5537 5603
8735 2712
27 4951
1740 4672
2472 1179
1775 2446
3597 838
6116 3414
8286 2402
6901 1384
5429 4497
4340 5583
4073 5601
1903 8811
5898 1869
4838 1584
2130 3472
2297 8164
5733 2922
6196 8430
514 1916
9335 5867
4437 115
8094 1668
7179 6104
761 9567
4421 9446
5829 9281
3757 2367
6357 4533
3144 3917
7927 8810
7259 8017
9463 7124
7100 2157
5947 9517
5670 2038
4417 4876
593 2291
5047 2707
7876 1696
9840 9263
4878 5595
8396 2759
3305 7572
520 8673
2612 4305
6673 1910
3396 9429
3175 2962
6918 7439
9810 3447
1784 4308
3609 5378
1106 8033
6921 6228
3302 3095
7086 4394
5170 7807
9102 8626
666 5164
646 2287
7515 3145
546 9374
4883 9203
7657 1085
6798 826
187 2778
4010 9642
7774 3230
2390 6448
8672 1366
7339 4328
1423 3590
7828 3415
1674 915
592 91
5869 6059
5879 144
6564 9736
5386 7060
858 5732
447 2820
6592 6402
4644 4069
3197 129
2107 3213
4510 2054
1164 138
9311 9777
3579 9984
3290 970
8935 5389
7171 318
1511 8329
9684 2732
9762 8512
2386 1409
7649 4617
3672 7141
5071 1192
9551 5384
760 2094
5674 7433
8224 7697
6475 344
4934 8783
5998 5667
4304 2494
5808 3481
4273 5811
5465 6931
7613 3572
3625 8515
1447 1514
4989 4699
3895 4886
5342 6466
8628 1163
6811 4313
2588 1373
1847 358
64 4646
9496 3283
3749 2009
7911 1956
4913 5388
9168 5871
3890 5521
9219 6205
6493 4593
2636 6264
8003 6923
5527 2540
3126 2303
2429 2913
1808 1408
1383 197
5797 2786
9177 6208
5035 9291
5743 1321
3222 8491
7003 2399
6487 8723
6178 5725
2527 4917
5802 2213
5545 3494
2163 4253
3052 1542
4401 7106
3453 315
1483 9644
7341 4206
1743 2123
5272 1886
5828 7847
2924 9634
1300 9497
6110 7985
8776 1839
3750 3556
1672 7609
7129 3179
9375 7550
4978 6740
3787 149
5149 5249
7056 4065
6875 3065
4128 8621
6802 6502
460 7333
4136 923
8516 7922
2504 2383
3575 7509
483 1165
4137 6269
1400 6303
2004 9126
8191 9111
7337 3507
1413 3589
1777 9512
7030 4407
1964 8152
5191 4817
9500 9444
4831 2817
342 9597
8731 3712
7200 2452
4162 3059
6725 8036
1849 8680
6799 9461
9354 8336
8004 8710
1761 8765
6014 8281
9427 4779
8455 4792
3261 8844
4432 9686
1526 4316
308 8128
7934 5380
7990 7280
9135 2485
2053 9189
8637 3178
3336 7343
7429 5291
9472 9115
2915 9305
6538 401
9722 9796
7267 9206
2889 7929
1248 953
3014 3897
8229 8043
209 8099
268 2971
2966 7573
4834 5435
204 6872
4800 2329
13 9908
8475 4491
8356 2138
6835 7212
5081 8950
5995 4731
7800 1852
544 3615
4596 4375
3389 2221
1212 4315
2894 5997
6215 1814
4310 3114
3696 3614
9149 9110
150 8601
9631 2413
8020 2125
4820 4561
1466 2384
9402 4807
5276 2642
4025 1428
9392 6225
8623 1762
7024 7474
2397 9690
6012 1682
5775 4782
2199 563
78 162
5320 2469
724 8543
6300 5083
7935 2793
2241 7593
8040 4126
9353 9114
5412 9430
4360 9711
5462 1747
3127 3791
4225 6507
8523 5173
9334 6304
8858 6274
9976 4102
3046 4658
936 2602
9321 1986
1133 6574
264 5023
4541 9945
2719 3564
1017 281
4458 8147
5017 2860
3947 4299
3427 4403
1842 5073
5120 5315
7677 6998
6584 2395
4499 6665
743 664
8934 5012
811 6159
9668 2414
5788 5078
1918 8287
3334 4551
6302 892
9198 7427
6905 8086
420 4249
6266 682
2595 3883
7621 8925
2166 1072
217 7720
359 3384
8711 7645
3789 2564
5406 4501
1867 5961
4538 1650
130 2126
1993 580
2016 5239
1130 1812
6321 5233
7743 341
720 6817
9390 3445
7683 6887
832 1108
3214 1831
3070 3370
1232 4082
224 1824
771 590
6004 780
3823 7168
5754 7365
609 7636
8256 2994
6670 3560
2035 2440
4122 4368
3 6286
5896 897
7442 2855
8442 285
4873 9332
746 8921
3792 5381
6111 1303
4909 5360
940 9133
3963 2505
5529 9925
1491 5901
8576 1639
4941 6084
2847 6668
665 8390
5227 727
4589 2315
4459 4652
4071 7877
9803 8228
3781 7440
7691 3479
6604 2653
4138 4990
7069 2594
4892 2694
4594 4727
6183 6314
9242 5122
3639 2837
7988 4724
7879 9308
4505 8012
9750 9626
3574 7511
3728 4103
638 2821
6429 1816
558 7290
8602 1407
2345 6833
1979 8260
1866 9546
2369 6557
5880 1796
1538 3036
4741 4444
2964 2453
7701 4176
8477 8577
8640 7302
515 764
9082 2090
6099 4778
4832 8855
5852 7246
4767 6079
6069 2071
1896 8598
6987 3280
910 4189
6124 6613
8719 3022
5804 2211
9352 6708
5265 1541
132 432
8061 4131
9234 3297
8900 4066
2032 5703
2910 8582
8616 2888
3803 8769
7773 1636
454 8005
5281 993
6363 3884
1277 8389
5174 7102
5579 4952
1730 4911
9780 9633
2992 5262
37 1458
35 2590
7318 2360
9902 4858
8927 3055
985 3946
8891 8665
5946 8227
6776 2373
7036 2589
4133 547
6967 1454
7827 3325
9829 1131
3148 2450
8505 4079
9023 5400
1960 9709
6047 7183
1608 5148
1825 8178
611 8127
4397 6651
3891 5584
5474 4213
392 1319
719 783
3727 7884
8478 3677
4965 7401
102 4983
3944 9794
2050 7059
8952 9965
5404 7516
1358 9662
427 5185
5861 7998
7600 9824
6775 1354
7785 3603
6939 1515
1920 1940
3287 8701
3476 8338
2357 6732
847 2114
2263 4194
7517 9400
2410 9105
8066 6762
5965 5924
9235 2572
2492 173
7659 6199
9526 3405
1415 7612
5063 3936
9299 8186
4469 6877
5458 2770
7941 9186
3201 7348
6026 9106
1680 9988
2949 766
9635 1921
1114 6276
5591 5093
6812 4055
1166 2142
7180 3256
5631 6551
4920 3652
5491 8415
7368 7762
7165 163
9941 1282
1363 5408
2179 2057
1235 5303
4785 7682
7968 6076
1142 5366
3880 7741
1950 2648
7826 8550
1410 3259
6491 1444
5218 4153
316 1551
8745 180
2825 2551
6277 6622
3223 9820
8249 4290
272 3363
8492 9282
977 3636
9661 569
8135 9623
7590 2783
8799 4008
1391 9312
6186 3913
2677 3433
4708 9778
542 9122
7567 3081
8445 3495
7430 6431
5539 5202
2525 7378
5229 5351
911 450
1744 503
2659 2066
7052 534
2541 1510
9648 6486
3416 797
6438 5578
3425 396
8764 3886
9754 2987
984 7001
9255 6512
8222 2289
4441 1790
9685 7331
9712 492
4455 3084
5644 4877
2725 9641
1000 6358
6053 7094
1951 3830
3988 8691
8274 4339
8471 7921
997 5167
9309 9192
5662 4094
8824 2777
1887 8500
4545 9208
6392 2717
394 6223
9891 2774
1843 9973
4321 7114
3630 2765
7646 3408
2746 3240
8805 9073
1242 3069
4205 3738
4819 2432
6439 376
6995 5220
5390 5186
5371 1082
6717 4959
1218 192
803 684
966 9475
5710 586
5566 7771
9937 4464
3704 8084
788 5000
5918 4366
90 9550
7128 8652
4787 1900
2512 1331
4270 9721
4372 934
5165 7535
5638 4404
1482 6122
4049 9443
9493 269
5886 7738
5504 2043
1689 1382
2965 3431
9568 3347
2957 3813
2651 6927
620 7923
69 9008
9935 1945
8416 4615
2139 9459
1621 2611
5933 2335
8720 9694
1290 2877
6060 5851
6520 2265
7531 156
2007 4251
9316 116
8051 1878
7540 472
1728 1509
839 9302
5547 8155
5201 8013
1479 4770
8600 5810
2342 2939
1200 3660
1367 7536
8457 6102
1657 9862
3082 6658
3758 1275
152 6352
8268 405
7861 9942
3228 4410
8354 2728
4252 637
6048 8252
3457 9117
1086 562
1611 6925
8615 1422
51 1281
165 9783
3726 4816
6445 333
2400 8216
5908 8493
2110 7522
7308 8739
7232 5649
8966 3673
3996 2935
3748 7781
1386 5413
7500 3641
6126 8867
9004 4665
240 3645
1389 3671
6125 9961
154 1716
2864 9741
7040 7161
6639 5624
8214 5809
2761 8282
9511 6057
8197 5231
7695 5863
5484 3926
6088 3824
861 5141
8436 9706
1862 7817
6425 7926
2790 9845
480 8278
4540 7940
5092 7812
1151 6765
3569 7568
286 9789
4111 9439
7278 6497
4552 2465
261 5236
7670 7473
4961 3561
9759 5695
8724 4932
872 8887
3798 3788
817 1540
139 484
1753 5636
1302 694
6002 3948
4974 3028
1879 3181
3315 6910
4508 3558
5990 9408
6860 6189
2177 5259
762 4958
8803 2411
2580 1175
8427 5873
5135 7087
846 2273
763 8039
9260 2070
4845 9471
1908 5169
355 5263
7552 6406
4994 821
6103 1115
6591 9793
6011 5968
5678 8987
697 9857
5304 9389
4916 5615
2882 1260
9621 2627
4898 9590
3934 1697
4768 8169
5920 3466
2464 9561
3017 6408
3768 1481
5834 9689
4923 2848
2325 3930
5443 4690
707 400
1813 989
2365 8756
5090 3892
874 6628
4054 1767
4904 4038
3451 2349
8237 3746
9940 1623
6831 4576
9952 9034
9971 21
3876 8629
6652 8174
8083 8168
6621 7843
8905 9486
6617 292
3216 9050
6744 3364
2280 7119
8878 4774
9654 1057
9922 8101
2149 6324
6154 7763
5812 4362
1492 2531
3697 3322
2478 1840
5787 4318
7958 8564
9134 3689
2521 686
2101 8729
2154 6129
713 2412
9405 9204
4051 3536
8090 5558
1126 2083
4245 9258
9523 2037
9978 8377
3098 6211
6932 5748
2845 8827
6770 2190
431 4758
2872 9883
1995 7525
3037 7011
2406 9476
2921 6655
2720 4197
5773 229
8820 373
9213 4062
2587 9934
8207 971
1641 8936
9413 4563
44 416
1204 9680
9391 9022
2701 6546
2176 5334
8749 8181
1239 299
6721 1624
2155 7485
336 6042
5975 3566
9653 636
99 943
9726 7873
1219 5934
1797 20
2246 3167
7728 2281
8978 1930
8002 2122
7974 8924
4303 9989
9450 1669
6900 791
9723 3193
1615 6886
3633 939
256 5255
4577 6170
7994 2135
4582 2715
177 5821
3380 210
5402 7887
3918 5691
1244 9388
9541 1041
4715 9262
8392 4966
7034 7247
9013 4719
7450 856
6414 89
6092 9150
7960 3184
4776 6694
6135 2144
6344 8304
1065 9671
1590 5126
3273 5532
8469 9481
9457 9849
4446 6837
4279 9990
793 4271
4158 9584
1649 166
4120 248
7219 331
3266 5403
2088 8517
8026 6134
6336 8718
4095 5066
5518 1976
3354 176
4550 9069
8137 54
4826 5632
4972 3694
8548 898
8125 5803
7205 5856
7909 1014
1782 1174
7487 2364
4219 9556
9921 6480
86 3517
956 8109
9581 4899
9752 2311
6722 2085
1768 9959
8221 8538
2727 3392
1180 77
3721 6044
3008 9848
2222 352
7822 9056
237 792
9021 3386
8496 3916
8140 5770
9874 6153
9424 4177
2809 9815
6287 3627
4208 6881
9160 4078
5453 543
6070 3986
8037 118
6884 6677
9344 2375
7745 3722
623 8255
624 3649
4495 457
5286 6818
6013 8065
749 6955
7946 6647
8064 5902
3147 3866
5124 7716
7597 8355
2943 6774
4013 2950
3294 3023
4730 9963
3991 3110
8875 8132
5398 8777
9364 5964
7945 8974
6683 1328
6301 7395
6796 73
335 167
577 5826
5314 5394
9314 6265
9147 4995
6761 6312
5492 4839
8062 1913
990 2343
6396 9575
992 1704
3199 4456
1658 9128
4718 9194
8331 6202
7598 5178
241 7366
8468 4714
528 346
1316 7910
1238 3984
4278 380
5525 5446
7000 2148
1039 7393
4624 3103
6289 3735
1504 7209
6224 6906
9657 7268
5469 4104
6786 3166
4702 5401
3666 2742
2248 7494
871 8437
6210 5546
2544 1453
2696 7350
5348 7654
9266 5734
2794 4422
3767 5089
5127 5510
8961 6590
7389 9957
2816 2040
6542 1236
3009 1830
659 1325
9564 5445
3016 7120
6908 3383
1097 9348
4022 1640
4557 859
1698 3264
4179 3985
4108 6527
7079 6032
391 5988
6747 1732
9113 104
2995 9209
8014 7674
5449 9565
8176 4234
9323 576
2758 6515
3443 5100
4265 7214
1448 6855
5313 9036
2711 9513
6861 9383
4547 1988
2916 9979
4802 4514
9357 4433
4642 6681
9062 9072
1021 7523
6757 6954
7482 8661
9570 3231
8774 9624
4595 3462
6899 6485
6435 9757
4698 4230
5715 7995
5399 5796
6876 301
6257 260
4109 3875
3460 2741
3995 7513
4041 2415
1250 2830
6865 1406
9300 5505
7587 7306
4613 8859
7014 9371
5977 1141
7150 9121
2619 8343
8533 6528
9932 5830
8248 2763
444 7196
4175 9980
1820 9818
2180 1838
5939 7514
7734 343
6417 8323
8230 49
255 4520
9009 4754
7991 7708
678 4618
9418 7151
876 7453
3973 4516
9975 1103
4803 339
5235 5010
6826 7256
9322 7147
1616 5043
6398 7283
2626 3620
2216 4667
9119 9696
9365 1736
4293 1685
7660 8892
6062 4633
2646 4144
1058 8340
3303 2983
3455 6702
4805 7814
5637 7761
9380 1902
3903 5676
6869 8406
3503 216
2488 8434
3742 3537
2457 4790
4500 1726
164 3878
8790 5487
7068 1424
7201 5991
1299 5405
643 8605
7127 327
3703 3048
7979 982
8067 6603
7472 9033
6030 2298
670 4467
5633 3276
4795 4262
4283 8139
815 5881
3128 8742
482 8618
7276 4357
4346 8386
3655 3107
2252 1043
3429 1618
9555 1460
9163 5792
9295 9917
2844 7623
2804 837
5979 8979
6307 2548
5628 5473
6891 3068
5382 60
9283 8411
5385 9466
5219 8075
1079 2493
2633 4164
1833 9254
602 819
7851 1969
5555 7049
2905 8199
5533 2317
3313 6852
5278 8384
789 3520
5720 6454
5431 245
9416 3546
639 518
5728 5139
7379 7919
5175 3584
4881 1379
6093 6734
6963 407
7042 854
8885 7791
2019 3515
8069 5437
7067 6688
172 3067
8674 3908
2737 6922
3356 213
1190 1102
3430 2929
1567 1898
4472 3779
4616 6641
8757 4960
7220 7689
7580 3833
3282 4411
66 2537
8225 182
9141 8964
831 1855
2850 9737
1513 6629
9328 2455
8422 7455
6272 1949
3793 1335
8651 1096
2940 3896
8401 5212
3320 541
2168 3255
4019 5427
7418 5271
7551 3831
2630 9993
4905 7987
4827 1914
2150 6646
8563 4553
7754 5524
7886 8649
8007 6080
8032 8107
8677 1046
2495 3113
4037 5248
8518 7751
564 785
372 323
5514 873
7952 4887
178 5104
6464 4721
7143 7299
1530 1883
9916 8657
2145 3013
2980 3900
7270 8967
5037 4661
853 5626
9093 4866
1208 2141
951 5036
4347 9169
1332 9997
6763 225
928 8773
3849 747
622 5478
5256 5486
9955 9950
350 7026
883 1203
995 3901
9180 8818
8840 2296
5490 1786
9667 842
6580 5107
3061 8541
441 2001
8740 5884
2243 7669
9608 3893
4976 1113
1027 9030
8929 3314
6890 759
7135 2058
233 4190
3042 7326
8277 2352
1023 5718
9639 4396
3709 9077
5479 9370
5643 8316
9835 4047
9966 337
2842 6756
4092 1895
6063 5442
1985 960
6795 3957
5687 7004
4968 2661
3270 3088
406 741
6787 5376
2956 8743
7507 4267
5962 2254
8509 1132
2278 1533
1827 2769
4713 7361
1146 5921
4163 6713
9964 2928
8581 4949
9278 6288
8368 5075
5777 8374
2625 7790
1836 7893
900 5543
4684 6081
8725 5042
9171 8452
1153 8159
2970 8513
6046 9923
2447 7652
3885 244
6893 5706
1715 2337
5347 2129
7493 1550
3857 6830
2235 3628
7736 4818
9960 1066
4227 2451
8432 7642
7206 7537
8212 4686
4695 9137
6420 6291
9259 3608
5051 3413
822 5835
9785 2827
2675 8048
8938 6637
6959 9924
3706 7415
1485 4659
584 2688
6145 4722
3711 4178
7543 7504
7606 7349
4400 2643
6168 8362
3961 6280
4745 2563
8400 8399
117 8446
8886 4457
18 647
1845 5758
5130 9749
3651 4228
1561 4992
7005 8385
8754 7279
7018 1167
4926 1144
2634 4352
8408 7836
6827 3744
9055 5240
1450 798
353 3327
9592 2952
7174 595
6529 1090
2460 2669
703 1251
1202 7390
3909 1962
9502 8806
7479 6853
6864 2444
3200 7626
2466 1539
7527 5213
6498 7665
7524 9782
2470 4026
4386 1801
6667 3289
3540 7799
8056 8337
8593 3747
1535 3756
9761 550
8243 8303
5216 3846
6195 4272
295 4450
6816 4317
5590 4867
6741 7310
3156 127
1935 1272
3123 6988
4986 8142
4857 4902
1593 7872
2954 6281
8145 2274
695 1083
7108 5972
1718 9320
1241 7661
6880 998
7592 8958
1892 8695
4769 1622
7629 300
1284 214
9376 7963
1725 1488
1597 2506
7145 6271
7414 4247
5292 5209
5526 6309
2997 5466
8110 6561
2972 2376
1414 5194
3157 279
8821 734
1558 8986
6689 3030
8856 5003
6252 7488
545 2887
6695 1010
5224 8658
1573 2196
3527 535
287 1973
9202 5610
9811 2283
6984 2408
9839 2566
4322 2188
9716 2339
466 8093
7181 1947
4806 1315
8713 8162
4465 3592
9604 9704
9351 8211
4716 7611
4674 371
5897 3241
9944 5582
917 3207
6299 3444
5364 8733
8737 9939
2151 221
6374 203
3850 1861
9292 4639
9080 1443
8609 1008
2814 8948
7352 8092
9236 5868
1610 1118
5143 9837
4830 4016
2356 4647
3452 3382
3907 4822
7413 8588
7956 8807
1122 7271
1091 3530
8843 4040
2245 7770
6521 8413
7134 4752
9831 6296
957 4636
1595 3675
2577 6516
5839 2680
2431 5846
3265 9776
4534 4330
7252 9601
7633 2075
5827 983
280 2570
2507 5971
6330 7810
4931 7904
9895 1712
3635 2005
4466 7407
8717 1612
3899 9131
2491 4506
6517 8015
884 714
6700 4269
3194 1157
67 7756
6772 699
4211 5430
6310 4903
9926 4846
7706 2895
8030 7748
5072 850
6565 7075
2236 4294
5653 9912
2969 3424
4323 6810
8379 5226
6785 82
465 9832
4602 4286
6588 5099
3100 1217
6562 9407
4737 8476
7855 1537
1529 9059
2290 1357
4683 1911
9688 8565
5480 3402
597 4085
4261 7088
4809 8589
650 1370
5383 3308
4592 6767
9663 7915
2029 1776
3607 72
8694 1667
2799 537
4309 6083
3130 2697
9767 8825
3904 9468
2401 498
9010 9637
5436 628
8262 2585
7892 81
1983 6096
6693 1532
6759 8545
784 1756
6016 8234
3045 6958
9127 8846
5168 5105
9507 1361
9537 6610
3217 4836
2812 2404
2676 388
5842 4575
2092 8328
5109 3010
9138 6563
1915 4855
8305 2963
7025 5290
3146 7023
9869 220
282 3312
2269 6259
896 2944
924 223
8902 5282
2835 7109
3544 5724
7899 612
2020 7321
9509 1523
6714 516
8307 868
1899 7638
8046 3785
4935 7939
1890 9172
7777 3752
1872 2846
3119 1369
2734 9896
1719 7074
6685 2270
3177 4728
5345 899
6220 6783
7198 2559
8289 6343
320 9342
5485 4167
3051 3528
2018 6537
1885 1891
4257 7121
6056 464
2760 7386
7330 1841
4753 5528
3225 1051
5495 3164
5011 3594
4198 1308
3562 3187
7556 6147
8870 6577
3469 6478
2249 6433
1875 2332
851 6065
8741 421
6072 6112
9233 776
4355 4531
8751 7367
6947 9462
6171 7845
5447 4215
5414 93
2234 2230
5302 3073
1856 334
9123 2530
8346 5068
9569 6368
5824 321
5238 1289
2392 2862
7616 1374
7583 4726
6240 500
478 330
4918 6109
7194 1829
5190 7269
9490 4808
4402 215
5119 723
7924 4649
9591 6133
2693 6341
3006 6709
8208 5060
7146 1737
9145 5675
9287 9419
4773 4199
412 5392
1826 9327
3483 8238
7419 5356
3441 7591
3423 4369
7891 2307
6539 820
306 6218
2849 4645
1586 1984
1257 4096
9573 4134
539 9096
2159 7821
4287 7422
8463 3810
767 1037
2181 3117
3962 9333
4166 5501
6039 6742
2172 2637
9798 2136
351 6946
5330 2256
3007 5407
978 5741
3557 6698
5585 7571
3097 6234
857 3238
5950 9306
2237 4848
8157 5855
6941 6360
4439 2823
1965 8894
1591 1285
3409 4480
7959 1432
7076 9378
471 5117
3186 4518
2520 4070
7890 9252
7930 9051
3938 1231
207 2615
7820 6457
6823 4191
3369 790
8150 1035
4853 3710
3870 1117
4604 5338
3062 9695
1926 4139
2284 7305
5237 7932
6233 79
1116 8280
1201 3258
4024 4390
2567 5151
3111 504
568 5553
6731 491
667 6568
2955 1078
8089 2923
8296 2093
1506 6508
8899 4537
7320 4511
8352 1493
3882 6236
1162 8942
5560 5563
5981 4720
3775 4915
6836 6838
7293 7558
9598 8348
4083 5883
2253 3841
7721 143
1769 2223
481 4759
2554 7717
8179 1822
1445 9273
3129 2165
9609 3171
7489 2076
3262 4503
4761 3420
9619 3845
3640 1473
1563 6626
2561 6870
3143 980
2084 6518
1585 7907
3534 8572
1832 8320
9559 5907
3219 5085
981 2146
2593 7470
8016 7445
6123 7319
9543 7354
9775 6710
9092 6356
3999 1803
1149 9692
6985 3346
1420 7753
4116 1158
8314 3611
5409 2448
976 9936
7905 9655
6711 310
9844 7384
8444 583
3982 3285
2421 4478
9341 7380
6452 7286
8171 8970
4837 9181
3154 1138
9645 4794
7463 181
3326 6926
4612 7635
3509 6671
2407 5783
7177 6645
6554 7917
2131 6207
3319 2930
5200 648
397 6477
5481 4675
2486 2879
7900 9290
8309 3060
4045 4232
6308 525
3272 1989
2205 4634
1298 9760
9037 9850
9118 7263
4084 2975
1859 4093
2026 8024
8120 3508
5608 7266
3740 8485
4124 6230
1195 2523
536 5858
1439 3134
9615 3404
7335 11
3739 8797
4288 8203
8378 2134
6412 9790
8847 9872
109 5457
7954 120
1499 8969
2880 7438
4101 8244
2500 4963
7241 8403
8494 9632
5428 8148
830 7520
6333 2584
274 5586
9465 1467
505 2851
6213 3115
1997 9256
6820 548
4059 7707
9879 9432
9930 5854
7996 3485
1581 3390
6715 6642
7796 6873
6407 843
1155 8574
2394 1139
7015 3717
9120 693
2115 3533
9915 7656
404 5666
1489 7228
1952 7696
5936 1006
3005 3605
5370 6530
739 2781
9554 5575
2824 8816
4384 1547
9467 9589
146 5607
870 8692
6579 2477
5198 510
2573 7967
3191 1098
7490 3786
4623 8100
3577 6619
8347 2767
4452 332
991 3121
3879 3000
1181 7867
5317 1124
4337 600
7113 6519
6473 9297
8072 4341
3021 904
4393 5751
2320 1711
7140 5264
8603 3087
1804 4039
4061 6320
4443 3484
9065 691
3071 3814
2754 6226
2082 4944
222 6773
582 4610
8365 2657
1834 2993
6889 6535
9048 4274
3516 3755
267 662
4185 4825
5300 1884
4266 7452
3604 6822
8568 806
4223 5269
2321 1717
212 1554
1589 9243
4777 3610
5762 4513
7491 8275
3552 5713
5336 5015
2030 5327
5850 6669
2726 5845
6378 9355
5217 5723
6615 2866
9041 9977
5963 8647
6342 7324
3937 7213
8487 7432
3853 6754
9293 3245
7323 190
4601 4608
1562 3296
5769 448
7208 5064
2542 1901
8027 3894
2665 8877
2171 4292
8646 2219
2362 5076
1709 8814
1549 9903
8448 2347
1894 8405
5704 5605
4119 6339
2454 5862
2700 6898
3050 2322
76 1221
2740 1651
3797 6797
942 7166
9237 3733
453 1599
4074 2031
9744 5061
2752 1520
8946 8758
1305 7255
6279 3497
524 8218
5916 2239
5801 2226
5709 6278
4406 5299
5448 9927
7105 5452
6819 7090
7020 3172
3434 2497
1996 7417
311 2686
5056 903
2133 6058
8253 1216
8853 9184
4263 2516
8653 6793
7775 2832
7486 367
3555 8787
4424 9931
8096 2501
4657 2791
4440 6943
3491 8264
5791 1464
370 7993
7225 3058
3945 1311
2597 2511
6381 2124
8387 9920
4619 9326
3865 8433
4993 8526
6500 9791
4945 1570
4889 9019
3836 1557
8068 2881
7569 7768
5459 2662
5020 1425
3511 3379
8876 1024
6209 2267
2639 8839
148 2033
8209 7460
2498 8131
7312 4284
7897 7071
5677 2056
5692 8631
3915 425
6049 9100
5057 875
9876 9813
7760 7317
1750 1588
9705 2271
7496 735
4282 4833
5115 6834
6018 5767
877 3730
7560 7405
5531 3083
1291 4364
5150 1501
1752 8539
5841 962
5252 7596
1745 7835
6804 5367
6595 7032
4376 2718
1806 9032
2861 4298
6068 7383
9241 3940
823 3567
4948 9520
8049 7727
7272 950
4609 2779
3024 6559
101 8236
7097 439
1981 2536
2120 8809
7288 8291
5756 3329
8815 4780
2282 7239
4628 1253
5617 1664
227 9158
5721 5180
7726 2576
2907 3038
6994 8851
7399 9417
1773 9800
938 8497
4112 8558
7371 4481
3554 2757
9967 8342
2419 531
8586 8085
2044 5171
1297 4046
893 155
7385 8299
8474 493
9079 5287
8788 6442
8624 4350
8351 8350
5199 7539
4622 5974
8744 5426
777 6311
9060 8232
8290 3188
9622 3168
3092 3981
4564 6540
134 1441
594 2471
5024 3714
2435 8795
3288 1494
6316 1634
3360 9986
4630 7735
737 8503
8023 2257
8123 185
6179 5195
2039 726
601 2897
4030 7095
17 8981
2857 7104
9319 3821
5905 9547
8456 7264
8562 2398
5329 3531
9855 7469
7416 7833
6022 6606
9470 567
689 578
6879 6746
8265 5507
3979 6911
8217 4237
2198 921
6570 1412
3716 1100
3233 8822
5832 3622
63 3366
6885 1459
8699 4067
6192 9284
2319 5155
2350 5477
8511 4399
979 5621
787 1125
8955 5211
8678 849
8666 8994
200 40
5640 3138
1468 9552
7874 9451
5665 9265
8977 3598
1733 5942
6608 1600
9146 8706
517 8708
3623 4434
549 2876
6676 5129
4738 4327
9420 1592
4556 5468
9713 4871
8645 2474
5941 5006
677 4872
1755 4971
8594 8113
2361 9666
2560 2299
994 4930
1978 773
3410 6952
2543 436
6181 9729
1324 614
5102 615
3844 1645
1560 4554
6038 2244
7630 8489
9331 5536
6691 6194
3234 2808
8908 3972
6359 987
5152 375
8622 4449
8580 2775
1671 6930
7913 9071
8895 5843
9054 7680
291 3500
6089 3762
5745 6434
988 757
3924 1228
882 3499
1087 9210
3873 1517
3206 9847
7589 2658
2863 3551
1686 7238
9187 8760
3136 1262
5627 5283
5296 6600
9140 1022
1020 3858
5517 4060
2048 7599
6511 5635
7732 1339
5989 2640
1352 4335
8425 4771
3519 8918
4146 8874
5250 1844
8536 4333
8235 1264
9044 1620
2233 8165
6598 9683
4029 9826
9369 9656
755 1893
5943 8848
3253 8941
4183 5234
1544 2828
1307 387
2529 1497
7711 5878
7715 3691
2645 6892
878 2482
6367 1189
3104 4653
8272 3920
6936 2046
7456 3205
8642 3079
1603 4202
2810 3825
6365 919
9664 5288
4150 2318
7082 8662
5927 5097
8753 5573
3464 3510
1032 4468
7742 9647
1606 1434
7786 409
6657 8102
7722 2052
4810 3906
4895 6382
2277 663
2714 7643
2428 4476
6712 4581
2654 2936
7284 2209
2624 7207
8052 6871
8997 7046
6167 8926
6807 3586
5162 3056
9047 5182
9756 2405
7955 5716
1656 6737
8667 925
461 8734
1778 5671
4565 2852
9665 7610
5749 328
5341 8193
4259 9098
1556 7747
8454 2169
4391 4740
529 7050
9336 2886
3976 6514
9574 2535
879 5215
1948 2884
5022 107
6729 9361
6962 9458
3707 6525
7007 7704
4906 5860
6575 9616
8076 5708
2953 4865
3323 7782
5542 8021
8785 9382
3387 487
5332 8654
1939 2073
2423 2441
7012 3852
2919 7421
6825 7947
6751 7189
653 2476
4559 2438
5058 4007
2623 3247
3889 5776
6355 4588
8983 9805
1152 3074
2912 5369
5116 1033
5004 4625
6526 3708
2434 126
4145 5895
9595 4295
1345 947
6933 3770
9882 5790
5917 2575
8959 4483
368 4973
6505 1924
6781 5750
2891 2617
8118 744
6087 3526
5131 8910
1371 9677
7637 1089
1970 1292
5346 7152
2815 9381
5158 7138
807 1372
9678 2266
1081 5929
3806 168
5550 8684
9271 6484
9377 7420
9155 4453
211 5516
3465 309
5577 6593
4473 5393
2782 2555
6185 5866
6198 3185
3281 4957
7218 8912
1375 7054
8984 3667
6808 1706
7794 7530
2353 5482
1909 1247
5872 891
5682 5464
1721 8759
6091 3848
3811 377
5512 3458
3928 2631
7103 9660
7730 8490
8288 4379
2771 2207
4869 7199
1394 9494
98 3385
4235 6424
5951 9088
3719 4471
3120 383
426 3754
9516 5101
189 2557
74 1505
625 1193
4329 9582
6972 6327
2072 3971
591 2610
4358 2127
2051 8429
1015 7340
4603 5506
9025 8391
3099 688
4056 2238
2854 6283
5471 470
3044 9318
2539 9600
5312 5166
8813 9786
5906 6390
3585 3591
2191 7858
5365 9510
7231 7131
5157 9239
4600 6777
9001 9727
1172 9571
9751 7464
4689 4454
9974 4331
3204 5322
5463 6323
8632 9083
3393 9183
8659 8755
5598 8151
2185 9892
9384 2831
9531 4851
702 3375
8823 608
2586 6172
4373 8407
2806 8845
4268 8973
7388 8842
8792 7217
6745 2843
5396 4420
7234 8923
2979 9825
8879 6443
1143 7175
4115 7084
445 7454
5040 4423
974 7650
6128 7295
3626 9755
4700 4522
23 7457
7620 2933
4114 4631
632 554
8693 3980
469 2738
4238 3843
9006 5976
6664 2430
6254 2214
5172 3795
9437 7859
2668 8480
2358 5277
3631 250
742 2409
2685 6411
2805 4762
5530 7167
4539 71
96 2528
6031 5668
4936 5461
2387 2285
6969 6437
3317 7436
2468 4098
3378 9395
7749 7342
4599 6073
3454 3196
6376 8671
6851 6263
5502 5789
2973 6347
6495 4254
5339 4751
1500 3549
1543 3812
7653 1643
456 2215
1815 4171
852 6245
7391 6456
2613 6467
3279 2890
9422 7250
2338 8184
1835 5697
9000 6152
8801 641
6465 423
3807 9433
9324 7848
3316 6687
9731 1123
5955 7130
8273 4937
9649 9264
8530 6371
7336 7784
3252 4490
1176 136
1800 5038
5333 740
2483 7802
3275 4264
6349 4017
6418 2773
1340 2389
7678 8937
170 6319
996 5759
3090 8
725 8884
2194 1758
9232 1882
3411 7216
5958 5597
1647 7051
7292 7298
275 1564
6896 3601
9151 2991
5813 8126
5242 6953
3250 2990
6130 4314
4849 9074
6384 9799
1052 1631
8940 5620
7364 4196
5475 812
1749 6524
4611 7481
3772 9640
4142 6036
3001 1619
4796 3293
5544 687
7381 6082
8535 690
382 8913
765 9519
2903 1053
7116 6108
4572 410
581 1735
1012 6760
5645 6258
2926 5600
2616 5711
3734 3218
6095 322
4275 7961
105 1393
1654 7586
9719 3692
7918 6400
1210 9108
808 5669
2206 526
4933 1229
649 4383
9442 3951
2224 9758
2780 7172
3353 9901
7132 7783
5318 6977
2533 6115
9909 3406
2132 9881
6928 8294
7281 313
604 6974
7081 5554
7792 6666
2766 7548
1084 5087
7854 1763
4187 1249
5279 6275
902 4900
3563 3155
5268 645
8284 186
7041 7251
2437 8019
2316 946
6828 9218
6113 1694
9812 3461
6086 2868
7999 5179
8570 7529
9770 6377
304 8000
5132 6614
654 3828
4201 5059
1771 6229
886 8363
8897 9401
5316 7668
5415 1545
9714 7912
5986 3686
6449 4493
7811 6841
9224 6682
5798 3818
6370 8831
1288 5938
1783 8702
2736 8270
5646 3195
8339 3983
3863 1273
1625 4117
198 2010
4419 3690
9702 848
1880 9085
888 9362
2620 6616
3715 5857
1748 9356
8106 6285
2370 9536
2380 6121
1323 94
7655 4021
3911 2326
9745 8656
4048 7795
6913 7066
2104 9257
3212 2918
1929 6253
3237 1990
4766 6912
7702 4210
5602 208
3468 4590
3927 8073
655 4090
6248 3211
4502 6075
8890 8752
277 3702
4985 2462
2264 5343
278 1071
2098 631
6980 7889
8082 8098
4356 9251
8721 3867
3450 3436
5423 9868
202 4517
2691 8261
2984 9946
1128 6844
6815 3310
6066 41
419 1927
1286 4788
4875 2604
2795 2192
3637 4558
7047 8968
3235 1419
100 8520
3376 8705
4891 6184
9434 1265
8508 8175
745 5280
7953 6155
4922 1502
8698 8614
8592 8830
5722 5142
6919 145
8836 7163
6422 7459
2638 4999
6468 1068
4212 7410
2762 7002
4670 6246
7169 4733
5016 1349
2247 4412
270 7880
5700 1805
2087 6573
3373 2710
8991 1713
9274 4711
1478 3096
7944 8335
1923 2798
6692 14
7197 4548
157 2313
2262 1480
4430 1609
325 8716
9081 2788
5254 7153
3997 8420
7627 5651
7805 8312
6106 5761
3174 9157
7758 1594
5890 7466
39 6256
7579 572
805 307
6162 8949
112 7110
8778 8292
8597 2200
2743 4174
61 5258
7254 2077
836 4789
3545 7801
4681 2433
290 1819
9043 1695
83 8144
123 7091
6415 2988
729 2333
4874 5572
2689 7566
2996 1182
5025 7226
7512 9053
2721 3077
7154 8388
7243 5967
7617 4710
199 4799
7085 2279
161 6794
2508 3854
5683 45
2158 3653
6951 2569
7334 7750
4567 2875
2028 1404
3698 4956
3856 1327
9853 1318
5945 7896
6738 1279
3489 3969
4218 4169
5147 9125
3581 1392
7559 1455
1346 1317
1577 3955
7862 9229
6862 2000
4367 1724
2418 3078
3729 5614
5685 3202
9544 5324
3682 5018
5032 9675
7724 7557
774 4743
8980 1881
565 8321
6716 9534
5849 8507
3860 658
8883 5095
5663 5005
3868 6270
6854 1042
6260 5422
5859 4663
4828 9893
8285 9843
1359 3743
9142 8495
9991 5786
7062 6015
3910 8627
2764 3426
8685 845
1154 3902
7962 476
8421 2834
7055 4528
8953 6532
6648 6136
7157 9958
1173 3539
7327 2942
3086 9630
8324 7671
931 8103
6383 1917
7019 2515
9366 2878
4585 6138
5935 2013
7426 4580
1702 9579
9217 9002
5188 5726
6843 259
6255 9035
8679 9918
5699 4929
8011 5
6397 1240
193 5133
5847 7314
4747 8676
2328 7139
9606 108
413 5310
7772 2295
9199 8380
1679 5915
598 1792
9658 398
5029 1699
6340 8854
5285 4354
8939 4579
3139 9618
913 2902
1364 10
9482 5538
7242 3291
8906 5739
7518 7834
4380 605
6474 6611
7497 7037
6970 5014
6173 4221
9474 326
9588 5689
4573 9230
5379 8057
1064 5612
4784 4159
3003 6983
7093 4370
9669 4757
2312 2526
6090 6973
4091 3753
2309 4504
6399 9267
7986 7462
8901 7204
1780 9448
5349 3872
3599 7553
8246 751
2363 8115
2496 613
9602 3388
7195 5074
2079 3790
2292 1919
1705 8993
4000 4748
4676 603
6971 7804
3254 2865
232 5574
7901 733
70 7475
360 5611
3372 5019
5052 5564
5091 2800
3263 9329
3149 9533
1684 5923
9425 1255
3300 6992
2174 2116
8306 4015
3076 2099
7942 8768
1818 4544
2709 5355
4739 9024
5031 449
5420 9636
2341 5253
4687 1194
5069 1045
4812 9765
5690 2089
271 4947
4938 1676
3741 8369
9858 7261
9288 9710
9503 4448
1127 8730
9350 6981
2960 7285
3796 4998
7544 147
2839 6541
5919 6247
6916 2581
4823 4485
1120 2227
5439 4089
6305 7693
6127 9806
8767 2377
779 7619
1001 6975
6261 4925
7562 4149
2621 3669
9808 4671
3723 2811
5232 6074
3198 816
4946 6428
7570 2547
5261 2552
2025 3417
6028 5118
8466 3031
8619 6612
4160 5658
4398 4231
8828 2308
5489 6273
6766 5082
9732 4781
1452 2272
3026 2059
2021 7725
8370 3371
9725 1322
9488 6699
7666 8552
2723 4954
7853 8081
4627 5625
5070 4064
8873 1644
1397 8104
7035 365
7253 7301
8373 6100
9766 4028
7089 5361
2592 8882
587 4870
6180 9040
9566 7099
8956 6792
4348 2382
7406 6743
1490 7092
2034 5807
6156 551
9097 9816
6137 8794
2218 4621
1559 5702
6394 7369
2017 5353
7396 6409
7898 475
59 1326
3210 716
949 5305
5289 36
7505 4100
629 5784
5181 9386
3550 7864
7765 1860
1161 6481
8119 5230
6241 7009
3921 2173
5244 9421
5657 9905
8138 1931
7585 6607
9028 2716
8630 2300
9294 5656
1503 6188
6169 3182
113 2802
9363 9245
9469 1427
2314 361
6842 218
7920 3343
8930 630
499 8992
6193 3518
7403 8450
8990 1675
7448 2439
6897 8044
813 2261
1191 7458
5497 4063
538 1405
2304 6680
7813 1283
5805 4606
3800 183
3763 389
1334 916
1574 3125
4991 1295
3731 6503
9411 9545
7957 9289
8650 9599
2514 3449
7329 3805
9409 5848
5794 7705
2463 1418
4598 3959
6553 2582
7275 8709
8819 7434
3751 530
3929 1296
8426 3699
3027 7885
9899 9346
6583 6379
4413 5438
6753 1531
9682 1396
4648 9572
4374 0
3871 8078
9359 5984
1484 1691
6803 5622
8428 4692
1055 6839
8595 5781
5609 4701
429 6187
7355 1268
5541 5136
8613 2792
8332 9913
2596 5183
1177 8833
4240 9499
4843 4470
4587 4523
5210 378
6934 2925
9700 834
8310 6513
1005 6353
7223 7322
1565 9286
5587 9276
5243 5876
4852 7719
7096 3932
1417 2067
7538 418
7841 6653
3035 8916
7976 494
9049 9670
5368 8871
9011 9231
7818 5806
2679 6690
1708 3864
6909 9373
1552 6997
2489 675
5053 4053
7080 5592
1937 3684
2853 8192
1475 8703
5362 906
2156 2550
3887 9473
5650 4036
7739 6161
4650 265
1793 9617
2818 9672
5885 2203
415 5730
5837 247
4014 3118
3817 4255
4982 1287
6944 8114
1233 7555
9605 8295
6993 9504
6008 6850
3771 5494
617 5246
8793 5203
1487 3403
2118 9175
885 7191
3226 8195
9139 5176
4736 1213
1821 589
171 1496
3170 8700
4494 1243
262 860
5557 2932
7237 2946
4256 8527
6504 3141
1137 948
8556 1047
2796 6401
679 6662
1129 7969
3506 3324
8506 9985
3180 3804
238 3535
1040 5696
2883 7605
3829 8715
3018 3783
9167 1073
5552 7029
5992 4574
2060 8561
3634 4486
5729 6654
3922 6849
231 975
4977 1150
7888 1508
9542 496
3066 6509
9738 3834
7022 5410
1348 752
2787 7837
4901 7615
6660 2998
251 5932
5417 8675
5196 4378
8972 1329
5309 986
1105 8177
2240 9802
8130 5648
1646 2
2201 9130
4229 6752
5774 4382
1536 4527
3965 9178
9994 4260
9838 2153
19 3400
239 1998
3777 9057
855 8688
7624 3344
824 2517
6119 1341
9676 6146
5926 489
6956 7846
2121 9603
2327 7868
2909 6625
6499 6964
1121 8034
6149 5652
6140 4297
3647 1209
4118 9078
933 4334
363 6071
5159 937
7249 706
6388 8160
5311 8258
1004 5433
4460 1722
5251 6633
9310 1227
9272 1350
2510 9404
7031 6587
8297 3668
6041 9998
4429 5323
5819 7870
131 8022
8670 7740
5580 6914
6656 414
2340 4388
3374 6427
6165 7346
4130 1080
1069 909
2647 973
9193 1738
7865 9426
9833 3307
7554 621
810 6150
1259 7584
9166 8522
38 7186
124 3662
2391 9987
8898 9558
8841 1310
9061 3808
4463 4106
6197 999
7632 8333
5877 4123
9563 5197
2449 2109
9101 9368
599 8704
4207 4815
3208 3780
4717 2870
8837 9681
5766 3260
3654 7983
2629 6534
9548 1579
6151 5354
8361 1974
4632 2106
8796 1293
4750 9340
9860 8687
3851 7948
7437 6978
5799 2673
7769 6929
8154 5456
5937 7908
7937 8322
8800 8010
661 8976
9703 6758
9560 5912
8750 4072
5606 6238
8233 303
7461 4044
6326 8188
4088 3142
4107 2183
1060 8889
9970 8610
8161 5865
4365 3335
4027 2147
7402 557
4336 6375
2628 5050
1254 8185
1853 25
1016 9393
8146 941
4693 7387
660 6472
700 6903
2785 3923
8544 4811
4824 3685
8060 1011
9697 1933
1457 4829
4012 2829
6404 8557
2678 2381
5441 3644
5882 2103
2749 5440
1063 7424
9447 283
1687 5121
5569 9112
5208 683
1660 9067
4546 1156
5293 944
512 7233
8826 9505
4907 7360
2546 5891
6023 9460
9739 3463
7316 7478
1828 7757
1474 8638
2591 6586
3571 3422
6174 3482
1338 6533
6576 6292
2632 6824
8791 4291
2735 1934
8247 6244
8988 1207
8464 5041
9197 5374
1398 1648
6703 5559
5321 1572
133 8344
5177 474
8766 4281
1568 2346
5571 4156
6413 6453
4921 5476
8276 3306
1178 32
5623 7188
7123 2513
2467 7564
4927 1877
4184 8479
6037 9804
2976 3820
9270 6141
6638 9379
2045 3553
230 6051
7938 3705
1742 3725
1109 7358
5499 1632
3342 7101
7297 8502
7083 235
3361 2859
8364 6578
2422 9772
7492 4342
8486 5969
92 7634
7651 3227
800 7690
7936 8266
4863 3538
2078 1187
5451 7122
7477 2195
7291 324
1772 4182
5358 5294
6251 8053
1013 3665
5350 1701
1256 6043
7307 4515
5137 369
422 8555
7222 657
1959 7622
9285 9315
7533 5086
9795 3475
7882 9367
2427 8761
3784 844
6719 3224
3532 1661
6724 4742
3838 3761
1670 1062
2002 2042
4685 4860
9586 9014
9058 7215
8832 9828
4023 3505
961 8566
463 3504
5513 9398
4732 1061
56 8537
7435 6602
8382 9261
4001 5357
9919 606
1416 1582
9643 6019
4705 7028
7565 1378
9215 652
8951 6882
3998 5267
969 6704
2656 8635
9886 6627
1971 9674
5509 7778
8865 9188
8055 2479
4841 4964
5738 7325
7575 5054
3163 4076
3355 2378
4543 7287
7344 8245
8462 7221
6678 5619
5727 9360
2225 9788
7614 6888
8732 8772
4512 4856
4496 6132
8697 3331
4709 7265
3987 4562
708 103
3827 935
5503 3859
2674 3847
5080 4248
1703 5193
8134 8525
374 1975
191 3583
6543 2251
7526 1863
3203 9878
4428 3541
4797 9701
8313 4381
8534 8989
7604 8183
1294 9693
4005 9031
6010 6027
4566 9154
6733 8748
6701 6750
6318 8414
4529 3133
1009 1304
6789 5744
1223 9607
718 4326
2649 7373
3041 395
4436 626
2170 6727
6966 5815
1693 2208
3140 2167
3150 9372
7793 3278
9453 2184
2908 4786
3529 1401
6863 142
1197 5205
8156 3220
963 110
7581 2974
7471 1093
8453 6035
6832 2856
1757 5816
1159 835
5247 2899
226 1136
8418 6432
8770 2443
1851 9195
4343 7038
4033 5688
8251 8395
5712 6544
9226 7021
3966 1269
2756 7849
2161 5593
6718 8625
7780 7943
1411 9249
1944 50
3337 7332
2011 3989
3351 9478
4276 6380
9953 5556
8359 1025
7428 9394
3794 293
7230 9343
4651 1206
8317 9728
2789 5565
8542 1871
9007 7863
7541 4409
8410 2518
1678 5511
6219 7733
6558 2614
4885 6334
6317 1751
8932 8330
2684 7073
2708 347
9317 1342
4475 5940
9889 8088
692 5911
1888 9090
8219 965
3304 5062
1907 8302
3232 9143
8587 175
7347 88
3629 9464
3091 2538
8549 5763
7117 7950
6364 8458
1817 3057
2178 5755
5515 7465
4216 5204
3318 9068
6917 7372
8467 7070
9540 4813
8919 7158
0
