10000
4480 9044
9557 3098
2393 8496
3249 2817
7281 4708
4500 3576
6891 5005
7939 4292
2740 7051
3675 5697
7404 2981
5095 4007
9578 4027
8807 852
4865 9160
5481 7914
4683 1918
1383 5660
3739 6075
6942 5788
5046 9739
9465 7401
1883 9618
4110 6170
8156 8912
1067 6624
7227 4806
9955 9872
3161 1441
4794 4505
6528 9882
8571 2100
7066 5300
8 7185
4243 8560
4697 2927
2074 9348
2708 552
7825 9630
8160 5033
9462 1466
5685 8559
2883 3278
6634 7657
8777 7548
238 1667
4104 1503
9977 7743
2442 8222
9434 6895
2862 6888
5190 654
6641 8723
7540 9538
3103 5504
7158 9852
389 2436
6689 3448
4265 4175
2746 4936
1196 1348
3827 7644
7634 5301
4230 6310
2084 2543
8960 6589
3039 2602
187 6261
5629 5334
9406 7814
3021 4757
2765 730
2961 9033
620 6772
3319 9178
7679 809
6479 825
4543 8712
8849 9539
1532 6660
1760 1240
5551 6971
1345 8029
7258 2999
7870 9218
8634 2215
919 7280
7466 3678
1304 9132
1104 4382
520 1474
7624 5057
8439 4032
9357 2622
6228 370
4220 6687
4305 9635
9423 8646
70 4756
1458 7421
6164 2282
60 4279
2377 4386
3176 4746
7077 6111
5390 26
461 9875
3816 3999
6692 45
7568 3786
2311 9212
774 4963
1766 6605
7215 5291
542 4356
9724 291
6103 956
1438 9350
7978 649
222 5988
624 5732
2922 8471
3292 4535
347 8601
6579 2050
930 9896
7642 4370
9446 5795
5610 3578
6526 7369
2652 8997
9953 5158
271 722
7438 315
1470 9733
3347 7072
7265 8897
9649 7193
7104 6469
8908 8325
1767 9572
9735 8151
4121 4415
802 6646
1985 7677
4580 5064
5619 6442
6799 9792
5669 7925
9685 3892
7735 5975
8644 1693
8282 3191
7810 9393
3204 3299
5305 390
4033 7773
2253 541
5391 4491
3634 5192
8196 5185
5463 2078
9598 4830
3887 5438
9334 9345
9984 9745
7565 2969
4606 9200
6583 6332
1632 6436
7953 9705
811 8148
4336 5065
3404 9589
8441 6957
8321 3695
1641 7947
282 3008
5256 5965
3069 4782
3716 4497
8452 4026
4988 1866
4059 4282
2769 6594
9627 6509
1792 3435
5093 2020
5345 226
6943 9216
1799 1310
8733 7907
7336 310
9748 4733
1726 6329
9769 6730
5628 603
21 8291
5343 4488
3474 3375
6155 6905
202 3453
474 4019
3926 6512
1436 1173
7909 5417
8498 4260
2296 9478
3235 9134
7863 554
2476 4775
4922 3410
7949 6465
5487 7131
7630 4255
1873 3969
1124 8530
1555 863
3930 3284
274 2354
1943 7830
7033 1987
4119 5904
835 9699
9294 2806
6118 6448
5959 9776
4017 7046
1004 5075
9839 6654
7135 668
2187 6375
7257 4841
2490 6556
1128 72
7957 4111
6566 3492
2818 6557
5389 6222
9661 9812
7543 7687
6047 6869
4530 7306
8935 331
5084 6433
185 6658
7782 6616
1838 5727
2781 4318
9906 1444
2238 1464
5509 655
2283 1045
9614 4138
9410 9145
7041 3014
30 616
9019 9801
5994 9396
3530 564
441 6069
7766 5848
3342 9775
3022 6683
1108 3963
5941 5373
8636 9370
9498 974
9073 2749
8608 7753
3500 1272
1636 1583
8185 9342
5913 5175
3994 5359
7940 3205
9995 2667
7301 8217
9930 4391
115 2534
791 5625
2897 398
2081 8100
3482 7335
869 5653
1469 5657
6699 3394
3775 9337
6788 3626
6338 8175
1136 9168
434 2076
5356 1328
2713 6308
5066 7852
830 8655
7646 367
8929 9474
3076 93
2688 8933
9540 1266
400 8741
9574 5740
9308 1747
7994 62
1646 4593
9555 5454
6530 1746
935 6262
8558 3863
2520 6274
5068 8839
2300 7670
6558 4825
7944 8022
4440 2093
6510 5637
4702 4208
6921 4648
7187 2480
8343 295
9118 8977
9388 4116
1471 3030
6763 6275
4816 3353
2069 6630
4912 1099
8941 9097
625 912
8133 7273
4393 8971
4052 5288
5951 2500
607 254
8569 5639
2638 3577
7573 2042
689 6606
9333 2438
6383 3544
3234 1217
4179 4132
3896 9846
3377 4218
924 8420
6694 9426
5129 3457
7966 2048
4185 550
1191 6453
3910 4527
990 7054
9154 61
8506 630
196 5568
416 8373
231 8510
6078 164
4943 6782
1859 6023
488 9560
8675 6678
1098 6176
141 7533
4172 8749
240 3660
122 7534
4609 6107
8835 9403
6099 1705
913 7581
7708 5322
2849 6480
7732 7723
3853 1178
2985 3902
1150 5425
3581 6349
7279 9521
8810 4645
4895 6710
8283 7167
1462 4384
8730 2483
915 464
5173 5239
5585 2219
9254 8686
5594 1818
447 2707
6519 5267
7166 7453
1772 5908
4339 1714
1086 4476
281 4177
2211 4456
8473 279
2562 5365
3418 3789
5272 8046
5346 7266
5797 7971
3645 5751
2199 6987
97 3820
4620 5566
7538 7119
132 1533
28 8044
5616 4503
2925 9425
381 9172
2286 1412
3050 5918
3061 9221
9584 9869
6158 1548
6357 7731
4805 6366
5134 2256
9236 4240
7445 1711
2309 6759
3151 8884
2668 5677
1253 6229
7842 4426
2512 9162
4552 6225
5206 7110
7952 2338
6506 5817
8924 5409
6550 1681
4812 6041
3618 2196
5598 405
4015 1286
8245 7423
2056 1049
1781 8028
3859 8765
7388 5799
7385 5892
3996 9295
3796 6638
5851 6973
3000 490
5103 4166
4187 5981
9318 424
495 102
8539 8642
3358 820
3772 9720
2762 2526
9199 5053
797 1228
6206 3914
4420 918
1773 2083
9105 7073
4024 846
8253 7329
7428 3332
3978 7840
9051 3826
2344 4899
1340 4804
7486 9960
2679 3521
150 3655
2070 6367
5862 8036
6876 179
4350 4966
6569 2315
7256 8580
4470 9442
5524 4366
9704 8804
1492 2106
4881 2663
5377 2044
1499 9838
1156 6501
5667 5883
6 3126
3432 9023
2788 211
5244 9519
3054 4892
7180 8401
2072 7681
283 3327
4529 147
5040 6181
4252 4844
4249 3955
300 5753
7299 7171
507 8910
7019 1788
4747 9914
957 268
5131 1541
9881 9696
183 3980
5142 7204
1068 487
5804 9911
5857 3950
9195 6604
2064 5028
1807 5899
9877 138
1896 3987
2173 8987
6032 4995
5641 4164
2834 7297
2720 5879
413 6597
2608 6665
6899 7734
9605 7890
8295 2258
4857 7408
4547 2673
2425 1962
872 7815
3524 4421
46 7933
6471 1737
3802 986
8247 418
6416 7575
4549 2511
5059 1347
6299 2157
445 1192
5577 8412
9299 8847
2003 2871
9762 8525
7705 2397
8994 6284
3156 3172
6794 1844
7192 7246
4926 9625
8750 2331
8990 8931
1571 4225
6007 2609
3504 2747
7298 8393
1685 3335
4014 159
3533 5486
4554 8574
129 1630
9849 6303
3594 8252
6844 5985
7752 2094
1586 3604
205 6843
5024 2868
7946 5954
4047 1719
3388 3941
5333 1339
6507 9458
5601 3380
4072 5938
1262 1791
8684 9300
6603 426
2400 5111
3002 7141
6983 3710
169 2518
6268 5614
6981 899
530 8926
5279 7902
4106 6129
7730 5258
8268 4351
1623 9270
9041 6968
1022 9657
1281 2918
8669 933
4441 3799
2206 1769
4128 3227
3574 3893
3140 4446
6914 7904
5712 1048
5926 8166
9233 994
6653 4763
954 2886
1268 2459
1113 8792
5421 6429
8458 9613
8800 3461
7235 5037
9488 7570
5556 8746
7843 6496
8616 3222
4182 4307
8436 8484
9963 3714
2962 9387
7547 6595
8114 8242
2133 9205
3688 6667
3219 2577
1775 3152
3192 2988
1530 8049
1256 2901
3104 7839
365 1448
7220 1411
723 1207
2732 7553
6199 8939
3007 9127
4309 7029
6402 2231
49 6292
6369 2399
2016 7640
353 3864
6929 1852
3599 1285
666 9676
8091 8752
8718 1193
2984 7075
6705 2971
1845 4843
9429 4348
2813 9576
1958 7775
3058 3236
8293 6373
5676 4776
2464 4625
6707 7514
9189 1305
9505 9179
1915 2485
2639 7150
5372 9112
5746 4764
5834 3810
1296 1762
3095 5710
8092 6432
2575 6850
5026 2771
3934 5574
8004 3958
6304 3265
6135 4002
6936 95
6833 5548
1506 6548
5638 489
8432 4326
338 5905
385 5489
8815 9979
6780 6252
2113 6307
9892 2232
6744 6425
5849 4851
8433 1941
9543 9157
2412 5246
8144 512
1288 4714
3912 790
8596 8870
8508 2461
808 8130
9737 8690
3301 1834
7045 8640
9158 9811
9731 9021
8376 5828
3940 8137
4935 7985
5325 4291
2401 4210
5756 9897
7176 3617
8003 6769
4296 8793
7378 3957
3373 7043
3560 1509
8326 5671
7741 87
4695 7020
1554 8627
2850 1307
4979 3961
394 1373
1656 7324
5784 1338
8097 4911
5680 3115
5133 8451
5428 9486
8809 1523
7499 9949
7013 2681
6082 780
6114 2239
8852 597
1051 7276
4997 4129
1020 7330
8591 3190
2743 4667
8340 6845
5907 5719
6611 9698
7021 4195
6917 2802
2675 579
9107 1362
5290 7868
3591 9085
7344 359
6647 5521
3764 7223
1863 9428
3183 6718
5749 1657
407 8930
3752 1303
9314 527
2586 7183
292 633
2569 3068
8791 9693
8171 7577
9939 2967
7468 907
149 7416
81 1083
2028 700
6428 9315
7561 8691
5124 2910
1741 5543
6398 6272
3553 3676
9439 4433
7076 8748
3735 8909
322 8188
477 7070
692 1351
2920 6785
7253 5945
429 6614
3587 9163
2976 7391
5578 1886
7069 900
6635 6058
7724 1948
76 1183
2775 596
7129 1089
821 6343
9283 8416
2657 8806
1604 1606
8774 4223
761 2012
3194 5986
1718 9095
1095 2326
4846 4473
6992 9361
8773 2254
9171 1811
5684 2735
6674 8639
3759 7262
6397 5274
1836 3857
3237 5444
9287 6956
5303 2398
2875 9908
4595 4862
324 8587
6636 4071
7655 4039
8607 1236
4494 4214
4162 996
6035 534
3258 8593
9843 4198
6965 3707
48 1841
7645 6764
4001 3130
1842 3351
6294 2864
6684 5583
1906 7172
1166 3765
5276 1060
1394 5634
4124 2565
9263 5816
5001 5869
5554 6121
7084 9217
3844 1042
4799 9007
7028 3242
8417 2066
8447 4113
9237 7827
8279 9276
958 9390
188 5990
6053 5157
2687 9135
2403 578
0 7896
3125 7535
9203 5043
5396 1505
8122 2879
371 1174
501 9570
6651 6172
9094 9451
5533 4814
8470 2900
8269 6995
4224 7156
3495 2449
653 8993
3988 3484
713 3840
5575 3549
8645 9197
9469 5418
3648 6909
7255 2728
2944 6739
9027 1591
8863 8833
6263 9461
7062 1882
3705 4564
6685 3362
9841 3065
2856 9416
8204 5083
85 6884
3056 9819
5744 5382
4373 3755
5379 2181
1536 5213
9532 4797
2756 6015
1409 1159
3841 9554
7252 2955
7756 4000
7572 6826
7941 1433
2209 9642
7923 3983
3160 1463
7134 6768
6335 7510
6628 6390
3382 6169
1682 9768
4251 8827
529 4450
2615 9402
664 7267
5519 9723
1963 5100
8116 3534
6939 1961
9110 3157
7850 296
2108 2156
9800 20
745 9279
9083 4379
6276 2877
8670 4724
8906 1107
1446 1144
1691 8396
7943 8120
3257 4133
1553 9255
1862 5884
2346 9546
4256 6072
1130 1352
380 9542
9928 3529
9214 3397
7250 6476
7153 8226
1761 4754
6081 1212
1293 9947
1211 5966
752 718
52 7402
5562 4479
4975 9169
7587 7106
4785 2103
8769 6544
5415 9766
7813 5934
8952 7132
6259 7357
9190 467
1185 8208
8548 9231
3338 573
8868 237
2195 1702
1913 7956
5455 1580
8706 6438
6348 143
1287 6456
1778 3452
1246 2892
3252 3053
810 3757
9125 2533
6982 743
517 2170
861 3976
4707 7695
1658 2978
4371 8975
7208 4482
2801 7161
1944 4735
9617 2841
8851 6314
1406 4996
6991 382
6918 3973
1644 7848
7234 395
7908 8844
5107 3217
9420 3016
4745 1137
5080 1967
4808 3954
8181 6910
5656 7506
3649 7469
4687 8624
6949 6805
6867 6415
4186 9936
7325 721
6913 6576
651 7822
8727 742
9695 7434
6056 6877
6543 1241
7965 4802
3554 3507
1759 6935
9264 9564
3214 6215
8147 6427
5121 2503
8797 4465
4579 6711
8220 1000
1437 4891
1381 1261
4093 1891
6039 2011
1489 2121
8623 5140
4681 340
3032 6572
9290 1819
2087 5721
9089 2369
4689 7105
2245 6861
9867 5145
9475 7457
9153 5713
1814 5894
6494 6126
1111 9149
146 9113
4555 1983
245 4447
8140 4008
5015 5156
8620 4221
3110 5780
2292 7651
113 9889
1999 3691
8281 6333
4247 4952
4852 6529
7351 3376
8065 2717
9 4704
9569 7362
2599 8589
6649 7342
7516 706
1163 6026
1574 1160
3909 6639
3040 697
9682 8320
4105 5388
7783 2824
3936 1321
4736 4563
1518 175
9992 5767
1805 862
8866 5447
3131 7424
776 3659
631 685
1353 7919
92 4558
4947 562
8172 423
6680 9989
6123 9411
3698 3624
5431 7774
1684 4646
8882 3060
1188 2384
806 7154
1277 366
7016 1284
3855 8005
2456 2107
3817 3250
672 7903
476 3895
9018 9384
7203 9463
1072 3966
4322 850
1725 8934
7277 7462
623 3391
4046 8353
7930 7637
1817 7004
1757 854
267 8407
1743 6004
1 8900
3516 5787
6498 6696
503 6668
4504 906
2544 3721
3633 4694
6464 4680
9607 2515
9968 5153
5374 2313
8235 5774
2815 8610
7593 4864
2034 473
7582 4389
7059 1431
3057 7089
5212 4903
2375 4418
1023 9385
5522 4848
1061 8375
992 8466
5858 1551
4423 8014
3436 9380
3629 3972
137 3951
2496 1053
106 6736
8289 1028
5498 3662
6061 9354
9506 5318
2205 2473
1874 8901
1093 8201
4741 9496
3751 2144
6762 2836
4142 2217
1490 3571
8760 24
1893 9011
8970 7676
8881 8853
2035 1563
9523 9689
5105 9876
5205 9468
4649 3311
6411 1282
1017 4323
5110 3728
9391 6783
2458 3769
9219 7450
3223 4548
9637 522
744 3015
6273 7829
3825 629
8719 8989
824 3413
2267 3218
9079 2718
3779 7851
4734 9580
8434 1567
9128 8959
3774 1138
9722 1312
2559 1755
34 8968
3664 4109
1182 4517
9070 4437
7763 53
6573 7536
1546 1151
3502 7278
1947 5313
9196 9958
8694 5461
4677 5243
6372 2990
55 6381
532 6386
6031 9091
4693 6755
1752 4538
4928 4035
8681 3808
5861 2736
7958 8194
3646 6729
8734 8630
4918 1925
8619 3885
4525 7611
5644 4690
8438 6472
4304 6751
1660 9286
6392 6328
9743 5014
1796 2803
8400 9854
9260 7155
5436 3922
6804 8622
2443 6271
5008 4728
5943 4429
124 9997
9181 9173
8050 5266
800 4263
1751 6493
6963 6900
749 7364
7440 9167
1070 9641
8638 6704
1589 6870
4971 7578
294 9435
6741 2935
3122 2201
4615 5162
181 641
4320 7816
5248 8611
8080 5260
2411 3847
9880 3644
2840 1599
6474 3823
6393 5500
6747 65
1867 4188
9790 5426
9803 8258
7244 5453
7771 1129
673 2125
7036 8529
2932 5958
2885 7562
979 7549
7566 5263
5327 5407
1140 7613
4607 9016
9581 3539
1975 582
9453 145
6706 3924
683 875
5471 3682
3513 4836
7820 2701
3813 3556
6249 1410
9677 6708
6607 4823
3630 5292
9634 5007
4953 7025
2643 2671
5552 7222
1954 887
5187 8759
9573 5674
1342 3447
1829 8536
1903 6340
5143 9615
298 8298
241 6670
1344 5734
9537 1929
4545 8714
7500 8139
4752 6802
378 6083
3384 5432
9898 11
2959 2447
4875 1592
8761 6518
8986 3271
5615 8790
9437 7529
220 2748
2269 2656
3884 2987
9758 9175
2299 3700
4383 1052
3304 3819
6775 4590
5464 1507
37 6925
9533 2075
1543 5789
9331 1059
3281 4946
119 5852
3686 5976
2994 9712
9133 567
5259 773
4678 4466
7397 7844
1155 9293
1295 987
8771 2023
227 3138
7309 3336
6841 1686
7377 4758
8288 5232
5868 9628
1516 7522
5587 3229
6904 2839
1609 1375
148 3471
3627 3870
660 8025
5694 7932
2359 2857
4407 3092
4157 9703
9886 5608
4924 9285
9156 9825
8743 7179
5306 7739
3667 4270
1440 7071
168 7044
3378 7064
984 8495
837 2345
7991 3535
4055 2440
4534 5502
3536 3195
5054 2524
2522 2110
2705 5466
9981 7897
9622 256
7126 4770
6230 6051
1008 9734
7236 4192
5748 9447
4692 6615
9477 6824
5888 6486
6327 9230
3316 789
9358 960
1356 9802
6094 9933
5264 3403
1899 7018
5881 4845
1631 9954
6840 2996
963 5783
5357 570
1445 5670
1181 826
4622 6645
6321 3690
8592 3754
3550 9242
5405 8043
1573 6728
449 7207
4809 7699
8981 4334
5770 4603
767 6924
9785 6157
8515 7713
4835 3426
3803 355
1384 5237
2218 4557
264 2116
2318 4507
4211 9942
3783 3585
6721 8857
4139 9119
7600 8626
8715 304
6655 3511
6044 2305
4501 2939
5324 4332
9418 7959
7683 2497
5338 2395
6881 3274
6908 6260
341 4916
3671 9579
8665 5314
1317 3517
5278 1329
3273 2989
7186 2894
4487 7788
3760 9593
9789 7286
5701 2237
1468 2123
2952 8142
5118 1936
7806 9121
8872 9424
312 4425
6160 2374
8012 2906
7146 4541
7579 3964
7835 8315
8513 6042
3017 8303
3431 6988
1030 8794
3904 972
659 5114
2119 8711
4345 5423
8948 4417
4439 8285
6829 252
8522 8565
9258 33
2620 6450
5536 5119
6143 2513
686 1853
7748 5433
3677 8459
9692 5255
5545 3081
690 6137
4333 186
3685 9146
787 3349
2963 6586
5224 8308
8564 2758
6791 2175
3878 5647
3411 3970
7793 4297
3443 7310
9544 8087
6872 7103
5328 8369
7798 5169
2866 2080
8523 8889
7609 7086
4948 3852
6701 5078
6295 7552
7290 4968
9414 5179
7727 8150
4834 3283
6885 2280
7067 6245
617 5052
7588 8885
2666 1904
2266 3494
158 3654
6855 4378
7464 3049
4657 329
945 5470
1242 5137
2468 342
4416 3740
3741 6940
6382 9621
9104 3639
9324 9945
7997 8573
4004 5889
3402 7367
3308 1336
2573 3163
2956 6022
4050 2814
2750 4679
8072 2407
6722 2043
923 7162
345 9111
2246 4031
1673 1224
4388 5193
4990 2178
1248 2193
1418 4267
1645 9170
3543 7226
961 1729
4709 7772
768 4614
9239 5632
2032 4871
4467 2140
4281 6787
2911 1388
3527 8654
4212 2843
120 9440
4041 6100
3177 2887
1908 3718
6517 1650
3028 714
3608 439
2127 3781
4444 8380
9522 7684
4516 457
9282 2711
6890 8378
5091 1519
1311 1115
7744 1663
2934 4011
8117 1768
5293 401
4213 3215
6524 4939
3462 7507
2060 4085
8249 1167
6752 1432
2584 166
561 8089
5087 950
7836 5493
9177 317
9298 8017
3365 6915
9103 704
1712 2867
975 471
8406 9404
4016 6748
1964 9035
8232 5434
9632 6074
978 1861
3173 9757
8717 2186
1251 720
5630 3561
760 5002
8101 8666
892 5225
1652 422
663 8214
9046 9969
7143 1280
8030 136
593 1013
15 944
2693 6115
1397 4097
392 4941
1707 3971
4434 7550
7983 6808
9009 4074
8701 9225
518 6080
9855 269
2271 2494
1367 7475
3491 1997
5344 8102
3758 1147
1679 5544
6663 3480
3479 9381
5034 3047
1275 6508
276 7717
9784 262
1419 7191
3906 4082
9529 5122
5561 1828
8023 4362
7700 2098
4960 7350
8826 1254
9957 6771
3442 8502
2552 8891
9054 7149
165 344
6898 9770
6444 1127
2791 4811
5877 7243
7854 1001
3189 8552
2018 1594
2183 7910
6532 6289
4316 8119
8090 463
258 6011
7662 7702
7116 3270
6928 1544
3141 6999
2068 5410
1255 9375
3696 7643
9382 2141
6404 5176
7124 7740
1952 3456
1971 8534
9683 5309
1916 8913
6778 833
6592 3636
6246 3828
3542 9356
1692 2287
9102 9660
6542 244
8707 1750
5469 5467
8419 4276
2878 299
4567 9610
7768 882
8742 3027
7074 5964
7653 194
9445 8260
7219 9034
9711 8259
9029 9793
8094 2270
9252 6221
4994 5527
9780 1979
9985 885
1377 5074
5294 8551
2437 6883
9266 856
571 2351
5937 2742
9916 8063
4959 3523
3851 4191
5611 9863
3360 9595
1330 4732
3051 9707
2680 4278
3512 8521
9277 1587
5490 519
9201 7834
481 8618
6108 1897
967 383
5132 1200
8333 9139
5777 9970
874 652
6420 2475
6208 6732
7817 7707
1699 3067
9166 8179
9028 8352
8549 7531
3672 2222
6217 9962
973 1402
827 8347
8668 2983
5821 8330
732 4589
5009 8963
2406 2462
4633 3597
3886 8039
4403 6324
8540 3276
1079 3901
2831 8744
5317 8860
3566 6669
9856 2683
2463 4293
3650 1037
3838 3621
280 815
7125 572
4310 1041
2554 4180
251 8021
7032 4419
7447 5236
8296 7182
3949 180
8391 9599
778 357
8349 4700
3367 9353
6975 9510
8338 5928
8581 636
772 223
4582 3473
2112 8239
2268 9871
3421 1914
6033 7394
1473 3831
3795 6874
6440 9920
9860 2414
608 7405
5326 8888
7337 9064
5465 78
4385 69
160 3782
6021 6490
7198 3012
9186 5102
1122 5182
728 8813
7197 1423
5217 665
9250 5160
8600 8237
4442 6836
9767 8575
6825 4672
2764 497
4234 1259
6142 9545
847 3088
6341 8998
3231 5643
7860 8527
3084 6177
3744 5565
1953 498
4091 7866
5505 2392
3159 6378
7313 2418
3255 1274
4271 4560
9476 1180
1382 7216
9031 4670
3603 2919
8973 5961
1804 7
152 9975
5507 3687
2916 4980
4120 8132
7571 3262
6119 2633
4778 3330
2132 3991
5597 6656
7873 3563
2225 7291
7691 7138
3148 156
2635 2641
1989 3439
2893 2645
2079 3162
435 2881
4277 2262
610 133
7767 5607
4592 4081
4712 1511
167 6932
5170 1343
8923 7232
6138 3753
2174 7456
1521 174
5837 1794
7269 1316
2816 1931
3100 5989
9194 6368
2230 3905
8904 9602
5287 2915
2036 8867
412 3814
4671 4510
3899 4654
7632 2362
873 5419
1270 6585
4493 6102
3777 8099
538 5886
6166 8211
7927 7986
232 514
5924 8081
7436 9124
7857 1763
3900 5535
1158 2825
9165 1724
8674 8955
3756 2619
7446 9624
374 8053
7339 372
8141 1007
114 5953
5927 68
3337 7079
3449 7433
7931 8764
2439 9765
8305 7002
5056 7895
2039 8035
9862 5154
4481 6488
9433 4375
626 4151
3052 6650
8676 6927
3932 1146
2948 1378
2332 2808
458 639
364 419
3109 6912
4774 9243
4290 5216
8938 5231
5108 4969
2293 9715
1131 275
5935 2888
9818 2535
6098 4618
3425 8313
5760 7833
9899 8302
9964 1081
4058 6719
7647 1898
9059 7792
74 2649
2686 3613
8671 4103
3329 3737
1380 1498
9206 4089
5406 7617
2664 3797
6599 1810
1034 1389
5929 8154
3992 5203
5798 5448
7109 5168
9057 9003
2041 3267
4454 8894
2632 4658
8129 4358
982 2541
5323 3637
4062 735
8212 5874
6760 9738
2383 2654
4753 1487
8341 4216
7439 297
3665 6297
9687 3882
4317 1618
2597 934
8567 468
6691 3261
214 8816
5715 910
7349 658
7955 96
9729 8612
6334 1991
7048 9278
9888 6659
3132 747
5446 8823
4933 8346
4706 2842
316 2214
9900 5737
3807 6970
5982 9686
7520 7370
8651 9117
1605 1018
2308 2938
4324 2951
6236 8365
8152 1223
3096 2580
9763 9690
8679 4460
6293 9082
844 5836
8073 7122
3719 8443
2382 8805
6040 3374
857 9778
7703 6998
8064 8134
3681 3170
377 4886
845 6817
3387 4634
595 9141
4484 4565
5427 2352
6139 509
6749 8136
2574 955
8562 1385
508 5987
1959 8494
2719 5655
4084 1535
4299 8149
7666 6277
8732 3230
8850 6311
6625 7996
6468 9038
8377 2937
8566 409
8951 7425
7525 8628
5526 6515
9527 4515
3459 6985
6112 2350
585 2949
1887 6541
7805 9561
1917 3293
7164 3515
414 2787
8856 8720
59 736
5295 193
7887 1105
9645 1077
4377 6457
7849 4669
905 9464
9857 7874
8477 3295
7231 9321
2807 1849
5807 265
2947 5811
5624 1608
7654 6389
2975 6000
7539 2940
5962 4472
5442 5714
8405 2763
5337 2941
5980 4854
4408 2381
9944 284
2470 6437
7733 5773
7318 198
3977 1616
6016 3451
9152 8766
3623 4739
2148 5957
9781 1942
6002 6627
6831 243
7791 5393
7145 6154
8547 4773
1900 5050
9067 1992
3607 6664
8886 8311
3724 4427
7807 5315
2467 4561
8033 7612
4173 6559
6212 687
1774 8310
5511 2722
8883 54
8187 3923
9248 5785
2404 5128
3723 7435
8590 1869
6947 5099
6407 9339
309 1038
4894 7473
4130 4880
9401 1727
6198 305
3919 8880
1019 131
7390 7889
182 3155
2330 7598
7195 884
2388 8673
3600 9352
4893 2782
6136 4402
4200 6832
5342 3552
4965 5922
266 9092
5254 5228
2389 6317
4831 3697
7334 7607
4961 8962
851 1923
8086 1213
7532 7039
1602 2779
2865 929
1399 9525
1225 3583
9829 2696
3508 5838
560 8836
7892 9918
1092 9271
2810 6612
5296 6561
3871 5703
9891 2759
5474 6073
8070 8374
1371 8855
1826 3182
6934 3386
4696 6079
6227 4066
5392 965
9740 3745
8286 7287
4030 6952
7452 1892
6919 8015
7595 5890
7478 4531
6184 5271
7217 1357
6145 5229
7583 3201
3357 3520
9991 4705
4783 8184
4232 8535
3412 4786
5488 3174
177 1012
3429 3279
7411 5452
7877 5512
1798 9878
472 557
4183 1467
4715 865
7356 4905
8659 5895
7196 8390
6132 1315
3198 3995
8664 8450
2410 3476
4395 1110
5027 2212
3243 1597
5508 7133
6220 9754
8230 3579
681 6740
7212 2861
1797 2847
3119 661
5692 9306
2914 7751
7338 8248
7092 128
8182 7359
4663 7088
2317 1459
6345 8584
6351 8000
6149 4668
3383 2829
2063 5437
4656 323
7794 6554
5235 8893
215 1430
9297 9701
4167 7899
9202 5136
7240 2974
622 9340
6435 5972
2297 9638
1187 7159
4642 1109
7052 7648
8331 8261
3045 2166
2111 3306
4069 2131
5404 1524
2236 9398
5796 5537
8834 1744
1550 9344
8300 8205
5589 5222
4884 2021
2252 272
2047 9048
4372 4688
6757 3704
4551 8189
7880 3891
4885 7053
1557 1590
4475 9049
88 2755
6491 2800
4777 6815
4117 2691
4610 7784
1283 1687
4944 9747
1413 2489
2752 6012
3801 3598
7920 8468
9795 1390
8317 6285
2276 2561
4287 2528
6700 4054
5949 3661
9633 544
58 9304
983 5678
9719 4784
6504 8389
8398 5221
7779 2547
8789 8238
8782 880
8322 8972
1331 4873
1880 2466
3019 7289
6497 1121
6533 2731
7117 1392
7911 4518
1981 3907
6190 716
3434 6216
8371 6396
4073 8395
9524 7420
8329 6540
3064 5441
2038 4513
4445 9961
6516 8158
7396 2819
5648 4049
5048 1678
1502 6976
3935 4598
5912 89
5275 8190
9307 8832
8687 7096
8077 739
540 9608
5082 4788
1677 4359
6339 8357
6423 4483
8954 3469
516 4459
5086 2958
908 5450
8865 1758
7694 2676
8079 1575
4760 9497
632 575
8595 9330
1084 2189
2224 8650
9471 5204
8146 1710
1745 7345
9674 6502
1258 7560
7302 4641
5679 3113
5126 9798
604 2607
9457 9585
1858 5430
2241 4020
4163 3601
8445 8093
705 4750
1648 4749
8355 6140
3729 2180
6179 2640
7322 2950
5058 384
397 8001
478 3180
7918 5149
528 5769
4369 8903
8016 836
1868 1062
4910 602
3178 1450
8103 5440
6903 142
2845 2662
3558 3318
4673 3948
8615 230
6025 2553
1479 6560
9847 8112
7990 6713
9020 5915
6113 3423
9559 9808
9694 7472
8754 6101
4025 9817
9541 4036
4090 5308
5127 9376
6417 1730
7497 6581
1990 1612
3762 4737
812 7498
3043 8945
4973 5693
3824 6413
1206 4101
698 7365
219 4021
9379 6681
7614 6003
2454 6492
7363 9090
4999 7242
3939 3127
7574 8465
547 2249
5386 6863
7260 4474
8801 1937
7970 3419
7719 5412
8011 7567
4502 1595
8770 7821
4088 5649
2164 3133
6838 2453
2761 6834
3018 2651
2451 1112
5302 8824
6377 4006
877 8647
8841 6814
7859 6967
6847 14
8861 8598
7485 5411
853 4619
3528 6682
2055 3038
2616 1717
9224 9010
4253 1142
1833 6128
5101 7750
1910 311
3738 9810
8229 2054
9364 5062
9208 2636
361 3468
4713 8104
4207 2835
5600 8428
7432 288
4759 7050
8096 4847
411 770
7718 7706
995 2278
6165 2923
3324 5010
5299 7489
4400 1325
7811 8482
7608 6391
3326 9804
9485 8915
7922 3037
750 5557
4013 4901
9053 3409
189 3356
3011 9756
931 7597
3501 6459
4338 1749
4222 5662
4508 2704
4352 2235
777 8360
4319 4740
7205 5871
7558 9709
1528 757
6823 4376
9367 4029
5835 2007
8653 1300
6013 5921
8061 5079
6455 8118
1864 5786
3186 1202
349 1044
3839 7284
3042 1172
4118 7352
5820 2101
9965 3107
819 5130
1396 6473
7747 5911
3498 486
3005 9629
7060 1355
31 3269
5623 6830
4644 1733
1806 4126
574 4463
5371 9861
7247 2445
553 7934
3673 4094
8051 3717
1100 5011
16 1872
8758 3974
8195 5189
3590 8177
5268 2185
4818 7188
6066 5092
1738 1309
3490 3390
6159 2844
484 1087
1026 4284
1203 5368
4532 7757
8631 1974
5691 2519
7100 7950
6786 8978
5197 5558
9752 7213
5362 4650
8585 6484
2226 2907
5917 1194
4927 9597
8873 7477
248 2595
7596 8403
9850 4856
4495 480
3444 6974
7361 9895
7496 4498
5553 2509
1878 3259
6266 5520
6223 1372
5000 1525
2160 8381
9100 756
5819 4457
6424 1603
9069 2716
594 9681
868 8031
8594 1496
3642 2279
2902 9120
8410 5072
1478 3588
6720 7913
8739 6364
2323 6789
5686 3835
8328 9678
4238 6489
4675 5572
7169 7545
1205 4303
6513 8062
8294 4115
6163 4972
8233 8113
7672 3247
3830 8002
2538 3643
3166 642
9993 9365
4945 5250
9193 4872
5416 4790
4612 387
4285 5880
9821 3916
589 8382
4815 6549
5873 3933
9974 6897
6171 9556
7576 3228
5604 199
5435 2778
7427 2665
5401 9422
2506 71
6151 121
2783 287
9813 8980
1831 8254
748 9142
611 9332
4181 4624
9653 1854
7476 5218
587 4178
8265 3925
7680 1369
5833 2928
7118 1919
8708 8957
2590 5071
9901 8267
3818 3087
4145 494
5495 5925
253 373
7963 7429
7209 817
6189 3211
4034 6767
5035 4398
3736 7901
3253 8756
4923 6862
6613 6205
8163 5123
5073 8124
4156 57
1073 6330
3668 293
964 688
9159 920
7638 5781
9273 6148
7629 8048
4364 4273
406 4955
1722 9534
5376 9697
1096 8270
6813 3345
6686 3726
4509 2909
4353 5395
740 5930
2444 9547
2367 1265
798 8257
2138 2498
2145 7862
443 8256
2151 536
9923 47
5606 940
1627 5757
9080 8384
2852 1619
3908 4594
7214 1637
330 942
8497 3953
17 6945
3518 6347
1237 7168
8831 5706
6746 7323
7311 3481
9858 6186
1169 7272
9392 2424
4161 959
5120 1696
7808 3766
8207 1354
4826 6822
7725 444
7589 8845
4869 1921
6538 3322
7869 1477
7410 9238
6401 4374
4042 5331
8735 4076
2336 4274
7554 1119
6854 5776
7320 4203
2114 3359
5355 7107
2612 977
9675 8422
7800 5599
9086 4792
5220 8159
6575 4721
1706 766
1215 7372
6954 3406
5510 4755
5144 2321
5612 9262
2685 2634
6896 4544
1249 5824
7999 94
9710 4462
2022 6923
4464 8007
598 250
2745 4987
8519 9620
1561 9296
4275 9513
2242 5979
4288 3023
2474 3920
5909 9438
3794 9636
4521 2820
6798 8135
9369 8078
216 9056
6858 4769
7555 2995
9246 4155
3239 3503
2848 8561
4344 4813
9927 1633
6250 4064
8415 4635
6077 3706
4037 3711
8088 9317
8409 4630
151 4584
8689 9623
7888 2017
7765 4438
7606 5782
4742 1720
3879 2548
8783 5739
2730 8943
4160 2029
6191 9183
8486 3363
255 2670
2690 3035
3805 6835
1291 566
4327 3333
4638 9004
2386 7742
5761 8327
7431 8737
6043 8878
3055 9672
7415 8837
5209 123
2208 8652
3232 1823
4241 5801
5933 8784
7845 7493
6990 8999
9931 1790
2188 8290
5939 6232
2053 2588
4217 8606
6793 5687
1106 4231
7152 5636
8902 9972
108 8173
8944 9456
5654 7353
7716 3586
8599 6958
9783 9903
1907 7876
9267 1141
5311 7293
6738 4262
5846 5147
7063 2973
7667 6953
2692 2669
6070 321
816 2457
4486 7055
4542 9251
646 2295
1875 9728
3967 9001
2551 511
1501 4674
4908 895
4190 6064
2617 4793
5408 3836
8786 7701
9006 5348
8219 2294
7926 6325
1359 2191
5745 2555
5722 8037
8255 948
7900 8348
8034 558
1424 5023
1596 4294
2251 8483
9650 886
6553 1884
9417 2789
9902 7704
2826 352
6131 7776
1984 4730
3946 8966
4957 1970
6972 2936
9922 7224
2172 3856
492 5560
5394 4821
5032 5018
4962 1154
7403 7011
5771 5661
5523 8843
5555 9360
3280 2790
8366 4803
3188 9229
3026 5234
2435 6231
6257 5363
8917 707
565 8273
1570 4397
5592 2150
1403 1306
7443 2221
5499 1784
6038 8554
693 2603
4087 7008
9223 5570
9836 8454
3913 8775
4907 6156
3770 8131
6049 3573
2504 2854
5257 3674
4453 7455
505 6323
9377 191
4289 1218
8905 1435
5845 7929
3792 3812
9714 5967
751 5584
9651 8478
3331 4233
2710 2077
3793 4920
6360 4974
1779 431
8387 5968
6816 9209
2031 6365
7341 5822
3438 3809
197 8788
876 8890
6527 1021
1263 2194
3609 5563
3702 9859
4152 2917
200 9509
1054 2647
7017 4331
5115 4148
3120 6753
3679 2581
6202 3861
470 7027
3486 1088
2629 9108
4018 5472
1056 2162
5006 4537
7007 2465
951 6629
8408 2165
3415 5051
3911 2477
7515 153
5900 7580
4206 2502
6409 1809
2753 5541
190 3290
7585 7283
2567 6505
6009 8430
448 8504
3320 2341
6779 6632
4368 7714
5241 9136
5196 8145
6750 796
8474 9492
9372 3990
5304 6979
969 5184
2385 9362
6194 2310
3666 4568
4925 3450
229 7988
2422 9643
999 8830
2943 2610
2809 9185
8825 8680
8932 8243
9052 6269
2223 9668
9966 3417
3031 2614
2986 1395
9844 4586
7368 7248
7031 8109
415 3089
4748 8472
4984 8426
2624 888
855 5480
1186 5013
6454 2167
7389 6439
4405 9959
6302 8040
9312 2794
6525 5349
1654 551
6531 9656
1659 5896
6481 788
1932 6969
843 8507
4738 5492
6727 7721
3565 86
8058 8582
6461 6715
3424 356
5297 465
5380 1703
4577 4898
3519 2859
9600 8553
2895 7528
4363 5765
3072 7321
1585 2613
2741 8940
8625 5707
764 5618
8820 107
3669 43
569 2946
9144 1219
6642 645
184 9176
8027 694
460 1957
2255 2805
1996 5581
6057 6046
9609 7523
8542 1097
1143 1668
6086 2358
5633 1889
7967 921
5223 5135
5194 8359
5164 3947
9389 3945
1455 2168
2516 8394
9730 6966
8026 762
7113 9917
4913 379
5198 8010
7395 4585
4264 3975
7058 8192
6387 1785
543 4662
5513 4159
1485 9976
6067 1945
3788 8699
7494 3872
4165 1802
741 13
1649 7090
3224 9640
669 9222
1816 710
6916 2182
2532 9480
6406 1289
5743 3525
103 1326
8799 1457
5705 1655
1005 1701
6893 8250
4430 1320
5242 3348
7057 7194
3296 8358
6278 605
6735 9587
1885 2247
4617 7399
860 6241
8069 8979
9460 9823
5041 9065
3589 3009
8397 1754
84 5045
8379 9671
4703 5025
5473 858
8556 510
5752 3985
4789 4394
9986 1208
2163 1634
2899 4643
2702 8356
7982 491
4099 3396
6960 6483
2304 7270
451 40
4909 3850
9074 5094
6463 5573
3463 1837
8448 1145
7801 4519
7980 5906
1771 1940
2415 1735
3862 5729
9395 719
3248 7112
2913 5664
1170 7780
7115 2198
6754 6430
3179 5398
2058 442
207 9184
8895 1476
307 7470
2027 8898
4722 333
5384 3
9487 7228
712 9479
4932 5942
4355 1101
8210 4259
7786 3593
4839 6827
4817 3437
8362 2924
1736 7879
154 1214
5227 4065
1909 4096
9363 332
7720 2880
3881 9760
3328 6986
7871 4215
5658 1387
1856 3006
1998 5125
989 939
4781 2405
1664 4824
2136 4490
3628 5863
2625 8864
9983 1666
3849 3572
9553 8907
8700 7501
2508 6030
7564 976
9926 3773
4827 3321
521 6116
1015 4392
9494 8875
2284 7625
3898 3029
4698 6133
1671 2006
8757 9826
5208 2248
2149 6354
8075 9412
7381 8538
7358 7591
3612 2146
6564 5076
8698 3703
677 7797
7969 535
1227 303
7366 1716
1614 8509
3339 3307
2126 5700
9616 3709
5012 4471
2860 3746
8126 5840
7696 881
5793 3938
5603 2085
6623 8660
8319 1290
8479 3082
6361 6993
8334 6152
4958 2953
2942 9526
6552 9764
5831 2303
4455 7584
6445 8399
6147 9744
8449 2372
7604 2229
1449 5617
8740 2838
9736 4949
2545 9837
6084 2542
3846 2631
2009 4604
1734 6725
3146 5580
5823 4022
8098 9407
4780 1420
2037 8424
9827 813
6644 2797
1986 1204
3692 3869
6570 9548
4242 9466
7056 7974
7628 1689
5813 2327
765 675
9648 1365
1512 4
9000 3134
8526 4665
563 4154
278 3025
3264 985
1950 1171
6336 1027
5998 6602
2379 6352
8802 3079
7987 2903
1117 1314
7883 7758
5335 4432
6717 3216
2499 5139
6264 5681
841 6853
1651 4135
6482 7490
5378 644
848 4876
8597 3993
7382 9879
4063 2135
8753 3167
6951 9253
8745 3062
4168 8819
7527 7665
3785 3294
7998 6485
5459 5020
2482 5872
7083 5683
9008 7915
5030 2142
4522 2706
1770 9220
2197 9575
2874 7295
1927 1994
6679 937
9291 3683
5969 1839
1924 4725
308 943
1704 4458
3538 6551
4832 6024
8041 6889
3522 7760
2213 289
3251 7796
4086 4196
8442 2312
6961 729
5476 2585
9512 4357
3732 6346
9718 2434
8284 7189
4199 5097
5559 8052
4248 1709
1233 1149
9973 263
7245 56
493 4820
3112 2409
5547 7521
83 1407
6288 9515
3063 6219
5620 3475
8814 8829
2908 5341
8685 6313
9309 9796
9174 44
9987 9665
1195 7711
9946 1484
1830 1508
1483 711
8555 1504
5369 9514
3389 3024
4550 5166
1824 5723
7444 9601
8489 5269
9467 6036
9483 9378
4731 9840
8225 5298
731 8969
4659 9815
3570 1584
6384 2510
2433 4934
9550 4540
3129 6350
8637 8318
1946 9921
8170 8697
8871 1197
1821 1620
9935 9374
6052 2335
348 6828
3212 224
2954 6598
1825 9002
2342 4853
926 5931
4009 7855
7282 7003
7690 3046
2052 1029
5148 6792
8803 5280
7559 8153
5200 4428
7009 8418
4068 7537
105 696
3105 5984
2130 7012
2265 8991
7098 9980
7599 7557
5699 6251
2970 2264
6726 5550
8572 5659
7838 6195
1011 5870
8663 2712
4070 2540
4660 6499
3865 1442
4404 7175
7038 8161
7541 6562
7081 580
7503 5462
2347 8568
1500 1588
7917 6175
8071 6090
7375 8488
2471 2373
171 9325
3101 2855
9394 9751
9549 545
2275 3136
9075 6745
5842 257
144 2821
6063 2115
1966 2250
5571 8337
3493 6394
6621 4897
1933 3725
4080 7872
2117 5919
3121 3514
66 8018
5893 526
8621 5596
6781 3287
5803 8106
2653 6773
3854 1576
2872 9708
399 1408
4153 592
8301 5759
8818 7173
3466 9996
9552 6873
5457 9998
1783 6408
3213 7631
3364 8588
7495 6419
9713 5514
3790 4313
4361 8084
6122 3640
6211 1993
2550 8271
6931 5063
6582 3369
1134 4613
8404 7417
75 3354
1318 7546
8202 4328
3083 5666
1552 1879
5754 7884
3153 6596
5413 5089
928 2204
1753 2623
638 4993
7093 3124
9706 5104
1278 7685
7374 2703
7328 1341
346 8602
6521 2281
5750 8312
1491 3207
4976 8892
6441 8541
6588 9355
2368 82
3982 4123
1335 203
6226 6901
5806 5763
5282 8768
2593 1032
1510 3499
5726 5332
163 5916
6587 8336
3510 1938
8517 5518
8982 209
4636 8862
988 8067
9164 455
1694 8492
6243 218
2744 8427
7942 2137
2014 4283
7601 1559
9809 7332
7962 7148
8054 4743
4716 4902
8013 5085
1683 2290
4431 5252
9551 8747
2143 3606
5978 2049
9400 2501
6790 1324
8688 5400
5779 8111
9568 6017
8462 3048
6306 9528
3929 8370
8798 8874
8942 3445
9594 6422
784 417
7407 3381
3241 1162
5812 225
7736 1871
849 4227
9326 6192
3288 3750
6584 7878
236 5860
513 7519
643 6282
794 8751
2798 8985
9905 3066
1540 195
9024 8787
4098 5138
368 6878
1639 5361
2154 4409
3715 2682
9848 8641
9978 7239
5233 325
5971 1905
1628 313
7238 6475
396 1638
9109 8461
4478 1486
2000 4651
3694 9833
6076 3743
339 5285
6213 3541
8859 3580
9383 5876
5591 559
6370 3472
3458 2387
4686 9454
1058 5375
590 2793
6842 3658
5117 3244
7111 7864
6410 9904
8614 1152
242 208
9664 2177
4314 6911
1973 2695
7181 9329
9122 7824
6065 3771
8605 5673
1851 8414
4539 8662
1980 125
6019 2724
6087 1601
6860 2040
8411 7569
4257 6296
4141 8505
5682 2884
5240 6466
6201 4904
5728 9012
7787 3291
6810 5245
8677 9516
4147 7130
5791 6756
904 8123
9971 1472
5747 7976
838 763
2234 328
2517 3416
6315 4652
5977 6174
8363 4631
755 6723
1976 1333
1164 8692
9753 270
4399 1461
804 3165
9116 9816
7715 8949
1091 4315
5702 1238
7916 4060
1782 5772
9320 3352
3277 3829
221 1190
4114 1267
4533 9684
5199 9421
6514 6238
6631 1294
437 5
1728 4573
6737 9680
8576 6405
9143 7085
2598 2733
1780 2010
8240 6688
7603 7128
5098 135
8193 4174
9366 8095
2203 5626
2592 2026
3372 5443
3653 2158
2537 5866
8125 6714
8828 1153
894 3171
1475 5016
6162 6875
5451 6110
64 5167
6092 5936
2982 5496
5340 9773
3455 5946
864 7099
2889 7641
4761 1731
7024 5515
7487 3843
2302 7314
946 7973
6253 1337
5741 3833
1764 6567
319 6104
966 5477
7881 4701
1179 8678
909 2770
628 8344
6648 2233
1064 8738
2001 897
110 3708
4906 1123
2760 4061
4012 6460
8372 1252
4833 8946
8716 647
7921 4298
7163 6765
3158 228
4623 1968
6776 8345
3712 7898
6565 1538
408 5775
3730 246
2227 7738
8157 5251
2618 3584
818 9924
5310 1057
3116 998
4170 6523
6379 2455
9503 5914
5690 1177
901 717
7414 6178
6029 1568
9232 941
7488 1209
6839 9750
6609 9138
4443 5825
3506 8767
889 779
3036 1126
533 5898
5963 1969
6796 1260
7461 2898
7034 822
6882 9565
2099 1527
3010 2216
7061 8176
7875 343
2363 8656
4236 6724
4772 6868
9814 3460
4489 3487
1133 7726
9646 4349
6698 2479
5944 6545
2804 452
5631 6034
8780 8392
7556 9691
3044 259
6150 9592
4608 6941
7200 4655
3800 1951
3346 3582
7379 5970
360 2190
6399 7618
9865 7097
7481 6161
2261 5226
7080 702
6697 832
4726 3944
4647 9037
3842 7856
2525 8762
6859 6887
1376 2240
8550 1031
4137 1401
9088 6848
3414 9925
753 5517
3834 9725
6487 7296
1622 8967
1332 7140
2796 8223
8213 2179
8385 1482
7658 2557
5854 1488
469 9873
2846 2324
7300 8169
5422 5178
7636 3731
8354 2314
8032 738
9482 1697
4412 8779
1708 6120
2644 9868
2320 3505
684 3041
2870 7882
362 9885
6563 3921
4779 8709
7781 2630
9583 3713
1566 8231
3874 3470
7454 5383
7650 7102
4451 5150
8643 3478
2448 4798
3890 77
7627 7430
7288 1922
6355 1165
8306 4699
7409 7040
3477 7348
3611 7211
3532 9093
6048 5903
5832 5069
1361 5792
2272 7799
7621 771
2128 9213
5172 657
5424 5460
6851 8460
8275 2370
23 446
871 1391
4514 9341
3094 1846
6451 7858
7274 9413
1549 9481
1245 3305
2529 9063
3547 6434
5316 7317
9499 9319
6742 2514
7993 6183
7042 8224
9373 3430
4512 9455
1393 5364
314 3733
2089 4435
462 6028
1074 8658
9150 27
1661 591
4822 3398
3314 8520
8887 6008
9956 8480
8953 7894
9050 335
3548 8456
38 6196
8274 1581
6037 5642
8180 1949
2426 5733
3303 1739
1221 9368
938 2785
4858 1139
3168 8879
7482 1529
2767 7936
5646 5897
4308 104
3615 3454
2460 8019
4028 8361
9430 4597
2243 5031
7398 968
7190 4524
134 7165
9517 5708
9791 5711
3497 375
2202 8546
4719 9943
7127 3240
3960 8710
9820 2431
1803 793
6187 6027
2873 3625
7259 1895
5385 2301
2626 5856
7015 8927
273 4919
4410 2697
7101 7087
8617 5088
2536 1358
8251 2507
1756 2579
1531 9022
5397 8323
548 7376
1216 7413
5867 8726
2104 4981
1374 4122
7049 3763
5106 9014
9786 6470
7136 2968
233 2361
6204 5354
6093 4556
2600 7675
9058 80
2558 6610
2492 9301
9502 2960
6071 7241
6534 8076
5696 9883
1003 7005
8925 1301
3747 4341
971 1132
1635 8524
6234 9688
1965 5249
9305 5830
3206 1334
4226 5329
7355 4131
7225 2977
5339 3465
8167 584
2062 1426
4261 1276
6984 9259
2210 3371
500 5491
3405 9870
3651 420
911 1928
5211 3784
8693 6255
805 8629
922 3559
7674 5843
7964 4546
8198 9114
7812 4045
7023 4982
2589 9934
1808 6331
5049 3727
2591 7623
6806 6458
9948 9894
4250 9268
2627 2045
2419 980
6661 7094
2768 8633
5090 234
4888 9893
3663 2277
6134 18
2067 3078
1956 1765
5165 4691
1740 4720
2827 8922
7649 1069
5948 3361
883 2019
4621 7526
8262 3154
4727 2837
7502 6418
337 7316
5283 2876
1379 3344
2088 903
4523 9188
8683 1877
9788 5116
6677 1995
3091 9590
483 9667
6291 6626
3149 247
3791 496
5253 2059
1935 1071
8583 2161
4632 4637
1934 859
8440 8543
475 4536
4325 351
4576 1881
4461 5230
1302 5622
1556 1161
6180 1517
1520 6385
1827 2521
9140 9289
1085 7373
3343 8024
354 2244
9302 63
2420 3889
3742 8729
9495 4600
3483 1189
2964 8772
5286 9450
7451 4588
9025 5595
839 2364
556 8781
6247 997
5887 6601
3569 3256
9700 8307
5850 9338
3111 5270
172 4194
2147 2773
3221 7426
8241 8657
8577 1368
8532 9015
6857 2930
8038 3199
9055 614
2715 781
2095 1642
3164 6695
1250 9137
9347 9518
2757 7263
8950 2423
619 6060
7935 6978
5277 2714
5403 334
9198 4136
8444 1676
7460 1078
117 2570
3145 7319
5586 9759
9030 6312
249 2505
5214 1415
9727 5576
9280 29
3350 8493
7746 79
2169 1439
7789 2134
9115 9335
6326 8425
5039 2795
2487 8162
4587 2159
6743 5588
8203 7160
173 5865
7865 1800
5081 3245
4964 5307
3312 549
5651 2830
7622 3647
3139 9655
4810 6376
9427 1239
8008 1002
5764 2488
7669 3638
2061 456
7343 139
7354 376
2486 9269
7483 8074
9531 3959
2152 3845
7712 4040
1847 7992
9746 6193
9864 5996
239 828
6574 3873
896 127
7412 7264
878 8272
1578 1955
5841 7511
3804 1366
4269 4766
8563 2576
6014 8672
7419 6591
1640 1793
6452 8183
4914 3568
7275 6880
9047 6125
6637 1977
6200 2394
176 5790
427 7307
7861 3562
91 1617
6224 3897
703 1865
7610 5238
10 5960
5717 916
7759 3422
9281 4970
5665 9591
6344 4626
3102 1662
5768 4406
6309 6731
5047 3123
7542 5582
1960 1777
6109 7664
3181 6400
3137 2097
3428 4235
8635 5579
3001 3509
6054 2118
4193 1010
3931 3657
7513 8728
8009 8168
2628 7001
7508 4496
3075 1560
2642 50
6676 3196
8840 5171
8696 5060
6380 936
6055 5688
101 8778
2828 3680
7400 8586
8822 6864
6495 2726
5672 8984
7710 8386
3275 5146
3641 2833
3013 1493
8006 9062
727 9644
178 6362
39 4896
7095 4771
6784 7251
3888 3340
4889 4229
6709 2578
6318 682
7616 5429
6666 213
9669 5516
5503 583
4209 2766
2905 2754
1626 1680
9741 327
5112 1035
9771 1327
7458 5456
9180 3393
7790 1234
3998 4611
7777 6363
8485 1624
6467 3379
3965 8487
3635 4469
7905 36
9399 2092
9866 6305
2396 3997
2997 7333
4710 9192
7682 8528
3309 8155
3701 1598
3689 5174
1416 8578
9191 3118
7692 599
8059 2082
8227 8476
1075 9563
1323 4915
2660 8464
9452 9419
754 6675
9571 5186
3433 3656
7221 5420
4787 4751
7383 6879
3085 6964
8191 5947
1135 5151
3059 2568
4718 6068
2979 9511
4986 829
217 4158
5351 8702
1421 1621
1201 9126
99 2530
7448 1452
2484 35
7151 6395
1972 759
7184 6117
1050 6267
893 2991
1625 1748
2365 9603
2811 5366
3334 4499
5042 5247
5113 2122
8435 1480
4010 2684
4583 6209
2124 8475
5414 9508
7729 2355
5534 1039
576 3778
4143 9982
2090 9013
3821 9359
2452 1857
6085 9658
6300 9806
1988 3097
4365 4882
9606 3310
7663 2980
7961 7422
5399 9787
1120 3254
8246 5289
6374 5720
9520 5067
5181 436
8309 9805
6948 7147
6412 2260
8197 6962
8838 9060
9874 1116
615 8974
6062 5778
8736 2478
4075 1647
9604 7639
3693 6619
2469 7006
9913 4629
7249 3866
5021 3749
2926 8388
7809 4492
1562 5983
9071 1244
2220 2102
6006 6337
4051 9530
5742 2621
5730 8812
2495 9666
2774 3868
6283 2376
4171 9043
7924 7770
1672 7605
5530 5814
2799 5004
3446 568
2207 8763
6447 9449
3962 3699
8911 5640
7035 112
613 1613
4302 7308
7480 8518
4146 2698
2776 7393
5360 1643
4078 459
8481 4526
6690 4280
2729 277
799 9284
6477 2390
9652 6907
9323 3540
676 3811
7828 4140
6702 9187
807 4053
9484 1514
2560 4367
5635 5724
7340 3147
7441 7268
3366 4571
8499 4424
588 9941
2408 8531
6643 4189
5180 5077
7722 3631
3184 8811
1690 7832
2992 9932
1363 4950
3220 775
4855 6130
453 2650
1812 6358
6088 8216
3546 1243
2594 8200
891 4387
3246 7467
1700 2289
7678 2153
3915 6237
2349 1870
4300 4989
2450 7108
2566 3575
5321 6580
454 2646
3903 4860
7620 1247
6182 5826
5609 9822
6571 2333
1894 8988
4286 7139
1235 7602
8992 1460
5003 3620
3880 8899
7312 2086
667 8725
1537 792
8961 5593
6256 2184
9247 8127
679 4929
9068 5827
9470 6537
2677 5564
5055 3427
7285 8996
9415 7590
1210 3033
6270 4578
3531 1615
9346 9915
212 7891
4930 1888
6001 8921
9647 6673
6811 5358
2689 8755
8928 9536
7380 206
8795 8215
3208 4838
6837 6539
388 4840
5542 8469
8965 6141
9130 5210
4616 9292
1024 8817
504 9670
4448 7230
3592 3875
4900 4666
6926 4723
3832 8199
9832 4150
6265 9288
9240 5468
7492 4791
9227 350
3317 6322
5932 1346
8423 8545
5483 3822
2427 801
7761 3268
981 8138
4661 1813
2582 5532
5725 4863
2672 5829
1313 5044
1063 7174
6511 953
5805 1118
3806 5955
6652 2556
7954 691
3526 726
9967 7660
6946 5141
2678 9066
1742 2339
8304 19
2661 7912
4258 695
5525 1422
6059 8299
5155 9940
3761 2343
2348 4077
6240 531
2611 783
3602 9726
7635 9078
9909 2912
1405 6089
9890 1016
7326 7826
9626 7530
9274 9562
4244 7795
9129 1360
8364 4360
6930 4795
9612 2357
709 3942
4057 5183
4321 9147
6287 6050
8342 1815
8455 2402
4312 8056
9799 4127
1982 4295
7078 2274
5320 4144
7201 7524
1043 6239
8128 621
1542 6244
22 8846
3142 403
2966 8351
2371 7981
3545 2432
1447 5875
5645 7853
758 5402
6856 4396
73 1417
1902 7688
4684 5350
7484 1046
118 3956
2298 9596
6210 4562
466 5540
555 9371
6865 7709
8178 1279
7471 1264
9272 9215
7360 6770
2481 5261
6197 155
3302 1497
7517 9322
7218 5818
2699 1006
8234 8280
823 7137
4422 6546
9084 2065
2337 9459
1822 8842
9327 4566
4954 1522
8648 5506
8383 8085
6568 301
1721 637
7737 3297
6733 6153
1454 4125
7551 9123
8516 9026
7014 3272
3928 7563
785 6097
3968 3564
3225 5219
8324 970
733 3071
51 1558
9654 8278
949 12
7504 4511
6819 482
5738 3984
8501 1220
9311 1653
5698 2933
3489 162
7778 9501
5569 1901
8632 6173
6672 8533
7802 1273
1014 8695
670 9493
1427 8431
2655 2380
5195 3616
8918 2046
4169 9490
708 803
4067 8316
5956 499
6426 5449
3557 7818
7123 5621
4413 3555
2325 6894
5022 5061
2739 2319
6536 4506
8463 7303
9504 1009
2307 9566
1629 898
5844 9351
7463 5716
9313 5718
9336 6207
4849 3619
3596 6846
2004 2096
7294 5478
4866 6462
1292 6520
9303 7633
1102 8796
5529 170
5668 3488
7594 8244
9257 7418
7305 3981
6431 3080
7754 4044
734 3989
6248 2904
3385 6320
7841 5731
3263 9851
8297 8821
1665 5950
2637 3787
506 3776
8704 6146
4829 2772
3106 2869
8876 4239
4796 2413
9409 6800
3877 2596
5855 609
5215 8421
8332 8105
4559 3108
962 4201
9577 1688
8121 8983
6280 9443
1789 4664
7755 3937
2890 3135
9131 4095
8066 6866
9794 2583
8947 8514
8402 2786
1103 8143
4079 9256
6758 1572
7586 1350
2709 235
9842 8287
1434 2572
8976 4602
4931 6443
7823 428
3266 7331
1547 9659
8848 7619
5353 1939
1319 7144
450 4605
5859 5262
9777 1564
9249 9061
7867 3285
1840 1715
8218 5613
4023 5207
8221 4184
9952 6203
2648 8339
2109 1890
9887 9017
8264 7592
4828 7745
6214 1425
8115 4330
6281 6818
9087 3238
6871 6105
1090 3313
7804 7315
2721 1025
7975 2929
2601 4100
286 7233
7120 2587
9990 1669
9328 6801
2120 2291
9919 4591
290 3485
3034 6356
3551 3464
5096 9310
4272 6388
4553 650
1698 9755
8511 2659
1848 5910
6185 9929
6371 3610
318 4991
2780 4967
6997 1670
4092 9245
6353 3400
1835 2491
2896 4601
7698 7968
9032 3260
7951 5974
4682 9673
5991 9721
3233 5590
9830 5281
4951 100
1198 7693
9835 386
1226 9951
6622 8557
2972 9937
2430 3117
2727 2751
440 8266
6235 2002
1776 4414
9907 8609
9912 3341
4819 2429
8186 5695
678 9045
4628 4048
42 5482
9772 8292
8350 2546
320 8209
9662 6168
1787 7886
9040 8964
8869 4102
3815 6849
479 4449
9500 8705
1047 2737
6301 795
4879 769
7803 9742
8776 5439
2155 1876
9910 4246
7626 4878
3858 3175
8724 4354
6820 4917
6640 4301
9588 3004
9161 6671
7449 2030
3209 1229
1232 4596
2328 5755
4978 9235
6618 285
4859 8713
8164 9582
9988 4149
3197 1515
4574 9207
7479 8503
2734 1065
438 8057
515 2176
1443 5762
5539 2033
7202 1451
4520 3395
9151 5161
6703 6547
5808 9432
3355 1114
6316 8368
3399 1795
6242 4937
9072 8429
5336 1674
5993 2812
7893 7261
3282 3876
6803 9489
9950 2549
1912 41
5352 4005
5602 8110
618 701
3670 7237
9845 524
5839 8083
2606 3193
4877 4977
8467 3798
3150 3093
7819 8858
4861 1534
9824 3684
8047 7544
4056 8020
9005 7210
5675 9099
9586 1257
9507 6045
6994 1176
4477 6578
9797 3090
3917 2993
2851 4112
2366 8570
4134 1414
306 2273
2071 402
5201 5885
2015 4768
5567 3073
6734 2105
4335 9807
4837 8721
7026 157
5273 7652
2921 680
8107 662
2340 5284
5159 4570
4640 7937
2257 600
2200 9234
6577 8919
9204 842
699 725
782 2316
4938 6254
9761 9241
7491 5319
4765 6617
724 525
5501 6712
8457 8045
2259 7304
8722 9228
7837 7142
6319 4107
5815 2329
2353 3401
3368 539
6920 98
5992 5029
201 6359
9611 5265
2091 7465
5497 4921
1860 6809
8703 7659
4197 9316
2823 2822
2539 3077
1370 5810
32 4411
9717 4204
5494 4717
1094 6127
5809 1453
1400 7785
6774 4340
9386 9828
9831 1526
6124 6977
5800 404
5177 302
9096 9639
4956 9774
4219 8914
8956 9244
6761 2391
8453 4998
7762 3734
2441 1297
2005 6446
2285 8236
6980 7206
4575 5475
410 4874
7406 902
2288 1055
1582 5709
8276 6693
9732 2965
1593 1926
1349 9834
3074 90
3143 7047
2139 5802
116 3440
4890 1675
7347 4676
3867 1911
4038 3114
192 8920
879 7392
5920 7384
635 7068
2858 2192
3952 9436
7989 7948
4985 634
3722 9098
2605 109
8896 5367
4306 5202
4380 8437
3767 993
6449 932
9261 7984
5973 6590
4205 4744
7177 5689
5387 1465
2129 4767
9663 9275
6403 5347
5549 3323
25 7673
1429 2493
1801 3226
1513 5853
814 9473
3918 7229
5036 9042
1076 6600
3210 5891
8661 6807
2334 537
7386 8544
2378 3883
7082 6933
1148 4762
1271 3300
2417 4337
8228 5017
5330 130
5735 7656
4452 4083
6522 6500
4870 1175
9211 890
4711 6233
8613 715
3086 3537
2998 6795
674 111
8877 1539
1786 627
3407 161
6922 9076
2723 9408
3943 6005
3289 1611
648 2523
7995 6959
6106 4800
9349 5864
8958 5152
1600 6620
393 6091
260 927
1386 2013
3187 6010
4883 5458
363 6218
4266 1579
6950 5901
502 421
581 2360
1036 3325
523 6167
2563 8108
9631 1125
4653 5847
3622 8682
7474 2446
9853 991
6902 2674
2891 3768
5188 612
4801 5312
6777 9444
2306 4268
4572 9081
1732 746
8604 2008
1066 6608
947 5163
6892 6290
7686 3748
5479 4347
4390 7668
3298 432
8277 7065
2571 6478
4202 1930
6852 140
8206 326
2863 8808
7928 3099
6633 7346
6593 4346
4381 2564
7292 3780
5999 1322
1920 5736
5605 5191
7442 7977
2700 577
6812 4983
2931 671
6020 6421
3986 391
7938 1565
2853 9210
7505 4436
1082 3370
7972 3003
9441 3070
4228 7769
7945 9397
1569 5538
2073 8603
1577 5652
7114 9077
9343 3595
6938 4311
369 7121
6955 737
3848 6821
2 1607
7885 6018
1843 4887
1168 2171
8263 5923
9226 6535
4842 4685
5758 7749
6188 7022
1545 2416
5445 1820
1610 4468
8490 1299
7847 2957
1428 7764
210 5878
2428 1713
7327 2658
6342 7661
4639 9101
9431 3203
2051 5531
2025 5070
7728 4108
336 3441
4485 5997
5902 8165
2777 6414
9148 8042
9106 433
8446 2057
952 3652
3128 261
8367 7689
3927 8854
3837 1850
7831 2694
3605 4868
9155 9182
7509 4343
9405 5381
6906 606
1695 8174
1364 2792
4329 2604
1495 8537
3408 8916
5485 5528
7960 1040
6797 6766
3894 6279
9619 3860
6886 8491
867 2945
2832 2356
1199 4342
485 2882
786 925
8512 6937
4245 9938
2024 2322
7371 1157
3496 8579
2527 3020
4401 5766
4254 9472
7387 656
3144 7000
6286 3632
425 4003
6298 1855
8082 7030
4043 9999
7199 546
126 9779
4528 1308
8068 2472
7010 67
4940 5952
8649 9567
9679 6144
5663 1298
4627 7906
3720 7615
1481 601
586 9716
8335 3202
917 5370
9994 1494
2725 9535
6996 5038
866 4867
5704 5019
4599 6258
3169 7846
1184 1723
3614 6657
1456 8500
4807 5882
3315 2421
5940 3200
1404 1230
8785 7437
2263 6989
5627 9558
3392 9884
7091 8055
4850 9782
7518 914
834 8937
3185 2531
6716 9491
7170 9749
1231 2738
870 7178
9036 1832
3420 8995
5794 7512
430 4237
1222 6555
1080 840
8936 5109
1269 9702
4569 6096
4942 6944
7459 2228
204 7979
9039 7254
8731 6662
9448 2784
4581 4729
4176 8060
358 640
7037 8413
9265 6095
8314 7157
3286 7697
3467 7271
4992 1033
5484 831
5995 5650
3567 8667
7671 3979
1398 5546
6503 1978
0
